1669964180.520952	305629007706108000801000265003005070687000000200700600479580020100430509008900006
1669964190.0008073	008000060000028700520701000207614308365092407000500609902000540000100200680040070
1669964195.059682	020907080000460120300000600067000800803106000000070090046519208100000904932680507
1669964198.812129	000100050071902000360004002014830265000670090689240107190000540003006000000400304
1669964203.1593075	000600020506470000830090700000805040609103287184709506000900603460000092003080000
1669965698.1741261	160002000092000180000070006008407000410203758937605012009001000000038044300020670
1669965708.5577345	001003902040067800000908007102000000598620700704300091007009086940806304600042100
1669965719.378624	000209008240086000009000030000040503374502801028631907930100080052000014000060002
1669965724.097978	672350900030000205009007631000946823096028000000003100010692007703015000020004006
1669965735.916409	906870340051040706400006000068007003302010687100000000000002409700508162209004038
1669995194.088392	000400009038006700950000602213005076000200053790364081000089007029740000800000300
1669995197.6293833	050000030004970800000063420580320000000009700903000080475038019020000076306712048
1669995199.3325682	004100005007832600390700800600980100801207004049013002010308296703000000000061407
1669995203.0325694	302080105007200060508900047080400302030160058040500670020345001000026009000090526
1669995204.7085795	640831520001672890807540160000150080000006000750000006062410000004920000085003049
1669995206.7465723	046150002000000075570200016300672800409830520200540100002015000840760040004020600
1669995208.8305697	800020910234510007710080054600100305185000720040602800068000400000000162000407530
1669995210.7545714	008020000000057029070004306005960000290470651786310042000006030320040000804000205
1669995212.8175719	100006830080573090000028000070301080549087610800409200000002300763000009928700500
1669995214.861576	000030200705200090830469150200004030980003002643802009400100703378020400061000000
1669995217.1625683	500670900040800000800500613062400070100003020374908000096107802248006045050080090
1669995219.5985706	008010000725004038300870005004281603080400050009000002800026510040100307100307829
1669995221.6535704	130000904940830200008500003009005370400900061080060020004107002802306745357200000
1669995223.7955787	001086079000400062407900508000100006650000001008009345009243600704005913306700004
1669995225.9515688	000100300460097000109000060070000038908735026234609051002013600040000090000908270
1669995228.2815588	708209000049080073650000208090100002500040381060028050002000010405810906900350804
1669995231.1905522	060501800473002005501000024810600000090000030357020601005207480946100750008900010
1669995233.8305664	051309006020871345000200000219764030000130000730008062500420003000915007190000200
1669995236.3325558	260980541781350690004210000630000000079000406000001030800009103007060000000048260
1669995238.9765604	008000050000007910940015267700580030519320006086170540200058000890000620007090080
1669995241.2735562	060100749074590612020000350096870005500000076703006000658400000000015800910680004
1669995243.9245694	005900420071004680000607900340002008806070000092500700000026309260045074730801050
1669995246.409565	613040827084000000200800000832000496000090210096284700300010000020703085061028004
1669995249.380565	004001602050409030013280000000704008429800763078002000830040157040020090100070004
1669995252.630565	100003840000021506090060000981470603506310782020580000000008004604030000039000260
1669995255.4695654	000005700170000860409060020720654309384710602000008401807502000090000040000970200
1669995259.1235685	001200870006080024080073005620130080800940052594008306309000540100090208000057000
1669995261.7935882	031002000089451607065370219502000703007004000600500081006780000000046072100000800
1669995264.8955755	400030007010040390703601200530480670600700001827300000060873010000000063374105900
1669995267.3489728	000207605800000002060041300000400100308025000024000003186302049500000074072519036
1669995270.7649744	020070430051300206070006001600000709730500010009064008568027103302010000007083520
1669995274.0699735	060200001053980600700613000096308000500409003037501028640000157820740000005106000
1669995276.6019726	300000906687105204095364107000509073070026010800000005108053000000200060052000004
1669995280.7692878	050000900000831250207000613906007030128000700000204096810760029734028004000410000
1669995363.1398728	208000109100300000007008064490200000560483701870019245700061000004000600000730012
1669995364.71288	003000850600010034000600700000064001470002568162508403801206300020000105045800690
1669995367.551816	300009000000040103071000042410380295789450601000690070160075000000010020093004500
1669995369.2768195	500980670600000031020613040096802107008005090703190000962070010105000760070500900
1669995370.910198	090250680005910020043087905407102508080070032900000004304800000150020300600005804
1669995372.4761965	400001000058000603000060084000910500680470132571620098890052000000080300014006020
1669995374.264961	005200000400009730908000605067800000031792504049056178700000003000420850004035000
1669995377.0684078	000032057005100000281745096000070000008009760040501008503984070604057034002010009
1669995379.145408	000406003056230000400000800518609037360782041000050098084007300000020006690000705
1669995381.2446644	900000037004700000000038905420000800170903456690841023009074060300000500806302000
1669995383.5241969	006057820210006750753004009060005300000700402300928006020540001001070948009001070
1669995385.640973	096832750000745000053090080100420300062000004370000809000984006049000138007013005
1669995388.2183685	000068502400700000005000067094000800071506423053841096500074030006000200308609000
1669995390.4639132	086010043009007065052603000070030500000590430035004010000801600627300108098006370
1669995393.2530398	010009008207030000004602030378400009429000081061928400006084307040090010830000604
1669995395.799789	179603504586400190024905000000200000000070030800300006000132040001760008700598012
1669999977.511669	670038429314095086002047000001060000030800504000320067560080000000400050108000602
1669999981.796386	070530980000600257540820610150400802306000700004003100415902370060000400008070060
1669999983.622383	209060038004508100605000409050340020000001000470006891000420913042910600097000204
1669999985.2620227	082000106001406802603018700940807600006501000000040257010900070360080420009304500
1669999987.059286	060090000501000047000700560058130000000500004609070300075206439000908004912307850
1669999991.0442884	000407910190003000042910087605132070030008160049004500001300000000871045000250094
1669999994.1003978	008003000020900015094000860209680471601004000507391280010000500000032048002850000
1669999996.095063	009000015500409700473561900000740096000000080004830150135900002006257030720010009
1669999998.8290641	008000962429700185501908070002007400100280050700396008004670031000800600010500020
1670000000.3951814	060300871000090200005726040000000132743062090201008000580013420000000915079054080
1670000002.3490274	800036429029000070040080001960070802000300700530208196010000084496003257070004000
1670000004.9836063	600007001430005670000603000296071004081300060743000810120060583370090100005130000
1670000006.7364502	760000185000030060020000300007380400390005210004910750072090501800507040540160807
1670000008.9882052	980503002257690301600800009000006040020008070560300008830469000045281036000005800
1670000010.8842037	000100300082060470000040010020401708850700200703982000270594003406810507300020090
1670000012.7542048	000560420607302905000090003890473000706851009005906801079085002002004000500000760
1670000015.822203	000207605800000002060041300000400100308025000024000003186302049500000074072519036
1670000017.508106	010049800080002501200800649000150000740300210006084750370000962400060105000908074
1670000020.0117474	900310004002000600000056809024680000000003001630000400008000150291064730560178940
1670000022.106747	008920300940050020602000800000008003510340680386107004030080000895034060007200530
1670000024.0092804	000500031000042078600107205100685490740200000080700120010906050300050702205070809
1670000025.7492936	002015078180063400004020561096007030010306005003204096030000000649830207007000010
1670000029.642241	520800640804672531003000020008000000000908070240060185380057490470306000910000003
1670000032.5191884	000000984400800250080049003906157802000000040000080196034928560602015370005060000
1670000035.2431865	819320604206950317000140080500001000000200506068000720604803000051002003000600070
1670000037.057186	001030026000810790040700000124506370080209000709103852000020600607300000430000087
1670000040.0251873	003000850600010034000600700000064001470002568162508403801206300020000105045800690
1670000042.7881887	871000340300510006050700091030006009098340002704000508027080900905400600683001200
1670000044.5971894	096002000017980246054376180100700065008003000702000890600000500000031028001850000
1670000046.8108215	009000007004650013306007000231060000805300060460109500000296005043501726050700804
1670000049.4885674	058009010003062000091038000080003007304000005079054000962305780040006039430890520
1670000051.3465612	287540006050002849060030070006057300108000407073000961600400000005703090700920015
1670000054.1523964	501607900009003250827090000902051370300980000005706000406075032040000705003000196
1670000055.9606078	046521370000009810197860420000630040609054000030000001301200004068000092000005060
1670000057.775615	802605371415803290000901004061080030209034000000002007024000708600010000000008620
1670000060.1164804	001009000409170002035048100906000370100736409300982000000027004694013057072000000
1670000062.007424	605000740030000600219476058000000400850030006070625080190300524040090007060742100
1670000063.8804216	490800510018050006000069004005000600074506290900300145500940060009275000827031000
1670000066.6532798	060700043500009000000608901094007000000300400705000098356042709800013000019076832
1670000068.7240613	300600004409801007007049600946157802020300745070280000000400000805060020734008500
1670000071.501083	080072001050031649000040807008050400040000208601200050920763080070010062165900300
1670000074.2547626	650007903002100600900063004129000000304908100000300479006080305740500004581400026
1670000077.1362479	000080095906000803050100000000014600162078049089025137501800070000090300094760000
1670000078.9506044	250710608903800072087004001062403500079060023000901040005090000706080094801040000
1670000080.829921	940017083028930070500800600090000037005000902004098056069081720050060000280050360
1670000084.118652	000350001450601000003000200501762038824590017000004092230070100000006005905000704
1670000086.0683317	490157000018090000750284106060415070100700400000908061007500013640000200501070080
1670000088.0752401	130047500806100340040800007794300000021000034305004010000081020260430000918520003
1670000090.1436737	500020000830049007600501980050406832004053000006000705405060300700100029928074060
1670000092.7354674	020345870100000349304890056090004603003607010005910007902500060407060008000000032
1670000094.4786518	096000008031504276057861940005000430600300000000048025708409000500036700004000002
1670000096.580841	587210094014695083000007052170064000003000500000130040021000970000006010350900400
1670000099.1327322	613800090007640800900531007830006000096700240740010069008060401420080030061000000
1670000100.6116245	832007090005000802100004007000001000900072105603009708000415260560020470400003584
1670000102.724624	000780405050409000070020001000200190302190860007803000730908612040070350005312009
1670000104.8770788	930806451170000002460912870204708000800000005006130040600000380001003000000280506
1670000106.5874257	260980541781350690004210000630000000079000406000001030800009103007060000000048260
1670000109.7436202	030050406040090218006000753000000020904072030057030600370415002560908304400003005
1670000111.8276107	040308100210065000600000070903046781104829506805000020400000603000602047080030000
1670000113.5925994	050100000204000093000003450721038640430057981000061002000004009105300800640802000
1670000115.8568397	600030048010900000000260905186704309020805000509603287000080400031000092904300000
1670000117.9559026	906045081000020430400801026068910007000004063000607190600470312240500600004100000
1670000120.3257215	003000087050800000000074390205000400301456072806307519014702000030085004007000900
1670000122.063631	201975064876401053090000072080000010000102690600037400103000040048019000000300700
1670000124.1043036	060800509020600000004500000051370008049080763700002410906053280405010090300406007
1670000126.1792843	502940000700306050004000100000204701007000046300060000068470315093000200075823094
1670000128.0833356	000560420607302905000090003890473000706851009005906801079085002002004000500000760
1670000130.316319	000740006406800507700090004030984700820613409040000300062370005005409000070061208
1670000132.1793199	000600450461025970072493180804009007025000609000300200000082700080000004206730000
1670000134.0033221	020507000040208701000001480150000200960702100080006940206070514548004360007100009
1670000136.9994593	810706000060300001407800000058400300040160058090030074320607190086910047009050003
1670000138.977444	000230180040000030100609700074803000000090600309000070203586017080000062461370059
1670000140.4861612	000004150072861390134570620910600002000008700057000406009000001740082000000790200
1670000142.2861595	002005000700040301406000029100000030000507206007320000038451072091006000074290168
1670000144.2060897	870000601090000275010062048006100007150000002300008506469000800280930050030024169
1670000145.8050902	080072001050031649000040807008050400040000208601200050920763080070010062165900300
1670000180.6971853	070004130000207006005013020001002000002190057003045802010378260367000580809001070
1670000182.9305165	608419705000020103217308906803000290051900060000040800500000010000805600082064000
1670000185.5655155	703009105015008060900560074000802400390000000080196053549013007000250049000904030
1670000187.3202386	084000031610005020057038009832750490040090018006082003378010900400007000560000004
1670000192.4491572	002300004080069000459207160145002038670010040200000651017006300000000075804500010
1670000195.1141462	008050000010003024039000806103806047207345108604090000001208000040000200000510089
1670000198.211253	000310020400080010907402380080607000006000000043000052865004230070201895120035007
1670000200.2990098	568010020040700010007400680026043870000620049473100200700000008685070002200005704
1670000202.3291848	613800090007640800900531007830006000096700240740010069008060401420080030061000000
1670000204.554184	000910600304780152816420093903062000000030500170004020007001000630000405000040037
1670000208.5419815	003000087050800000000074390205000400301456072806307519014702000030085004007000900
1670000210.7289867	915300670680107040427560000801026354040001000000000010060200000508730106000680097
1670000212.821877	095078342000041060467039501080400000506000290000090805804900003000050020051360000
1670000215.6339064	100470000000162704060000000871045006300000051256090070027010508045680042603000100
1670000217.9279115	050000004900430000000209380090070450300002000870000013501008000709310568604725039
1670000219.7042272	670048000500031000031070000150023406004100753396004008405087002000000100928510070
1670000221.6351216	047210096200006107001703200000060000024100760065004908052609830080501600016020000
1670000224.3416655	000820090057609013084031000078060450009100006560300980830406000005018000106750200
1670000226.7540464	000000049469520830000890070040382000120470390000900284005000763002700410034051000
1670000228.452376	405387060700000105008506304000908001030075040040001827000003000390704010200160753
1670000230.6341708	029308456578206109000105070305020600000009040091067000030050000000002903907000024
1670000233.3285484	012000650005300000040001709401056827607200000908713540000430205004095000070000090
1670000235.191709	086000001034128690025490738310960000400085300090000007800500000000019074040000950
1670000237.2619982	340706001870000906000891003000003568680054007940600000030400080590000730700538019
1670000239.2543204	086470903000901080100038004050000409003509062291006008002810000840304700430260000
1670000241.3694546	400230000259670018031980264090008720000409031500100000805000140000002007017800000
1670000243.9877667	080070305257008096000005070409360000061000040378010020030001904705000182006482500
1670000246.226728	531040060609075001007001459070506008002080100180092000008704900406803510000000024
1670000248.157904	030870540270000001908010070000469150000200090169730084007000405000150703010340028
1670000250.3859715	000107008012096007057204091130600480906030050720500306001760004070000005200410070
1670000252.3768497	497030600106590730503004010931000000000015342000000000054801906040206073060049800
1670000254.3945553	600810270030607940000500630406070003218009704700208060002450000100030490004000516
1670000256.923538	060401370100000420300002061496000032008369000053008196640813200000607000000590003
1670000271.4231267	580120009002040530407000102620800005000200091050004000860072903000951600790608250
1670000274.2501242	500006002020700910000218000400800000760030890300609007005900700673185249208004604
1670000276.0941277	001000000609831200000540600490107000210090045703080106304928500080763400000400078
1670000278.1179671	490103600020009003500046000002300810050007962049205007000608070070950320031400580
1670000280.4069545	026000001045071000801006070000132680538000019000000704000027068080915002050683097
1670000283.000265	680007100020915807900603520056002000300000000092060058700056081008349006000801430
1670000285.4142668	850900720926170300003652000568000013197006004300509607000407000004800000600231000
1670000287.848331	004100000000290301090070860130907582948506107002803000610700000407000210000080006
1670000291.7334433	854031097706098521020065000000802076040007000008900305307009000490000702000500030
1670000294.291455	508047900107000000002100607000300400034900062240604000920001005851039700470006894
1670000295.8994472	000000984400800250080049003906157802000000040000080196034928560602015370005060000
1670000318.6837995	075000016200300000000001702023100400000007060709405000538014907107028634000093050
1670000320.8836915	160002000092000180000070006008407000410203758937605012009001000000038044300020670
1670000322.9555323	400230000259670018031980264090008720000409031500100000805000140000002007017800000
1670000324.8875377	000093720700106800005000090000010600910000080058902000390624078576089044002000063
1670000327.4171124	980503002257690301600800009000006040020008070560300008830469000045281036000005800
1670000329.019122	100000027000304015500170683430962001900007256006810000040600030042043500058001000
1670000332.8196158	790680254060020013203015007910004008407508002000132009020070040058000700070000094
1670000334.4671886	032940600590006700704050010000001060005760342603400090200189070009000854800034020
1670000336.3712401	105000900203046178806129054980054000400000700060310080600000043040003000000490607
1670000337.9545085	000200100208000030730089000000804690070000080006021300804915063090000014617308052
1670000340.4855103	010089004700000300000306501971403280063592140500000960407035000038000400000800009
1670000341.964559	520800640804672531003000020008000000000908070240060185380057490470306000910000003
1670000343.719565	048327096021068354039000700470006000060000500800130040080000061300001000000670805
1670000345.4665608	208000109100300000007008064490200000560483701870019245700061000004000600000730012
1670000347.5705621	420875306398046701005000802906450000000001080140000600000024530030180060009000400
1670000349.8375654	071069500009000600006700090098007260132800074004192830007080000940403780080001002
1670000351.4405663	583019060026004095000085000300000178060051900800403650000000010931008720205100086
1670000353.1975648	000600107680951300003002568040810020000000850090065073409003085162009030500706000
1670000354.9075592	400230000259670018031980264090008720000409031500100000805000140000002007017800000
1670000356.6904886	000540000000002080649830057062000300100703420300920060096100030200096700753200196
1670000358.440383	093080007610000028000400060026704000000063070300000009760948350000200190259016780
1670000362.7814214	000460030980051672013280000100003204005120300800040057000690410429000003061704000
1670000364.5904193	820096007700018000069053200087902400490080063000300908631020009040530000000609804
1670000366.7433512	007002490000005200284016700049003820000500009072094031005738902060000100020601304
1670000368.0785213	000702900090081200872450013100070420900105008040000560035804096080036700000500032
1670000369.9135232	020010000000600520805000076381906450560302791000104008102060900000500007450890000
1670000371.7618818	094000600053986041082013975000160307900002000030000012560041000040000700300290050
1670000373.5958805	009420060070905302500003090000801020260000051048200400380004019094030685021008030
1670000375.1768866	005017000720394001091000000900400560007050342200030107009123605000009704038706009
1670000376.951885	014000062060420085020501000050000400000096003003705210276004500130057009945600027
1670000378.707885	309801000100000500002670009470102695680000300920463018006007000200000074000310250
1670000380.6088822	006250100519607020704900586650001037903720000070040000200000008060530094800160003
1670000382.1148827	300010002092307800016829004900070350601040000275138000820051906700090100000402000
1670000384.6028843	780050003000200100091000605160302000000017300007000008013825470846091530000600890
1670000386.9418828	497030600106590730503004010931000000000015342000000000054801906040206073060049800
1670000388.4818823	013420086204600000087010300000030600062500003500764091700040810040800060001256037
1670000396.86891	000807910900340200005000070593702064001000038870631092740000020000004300052170000
1670000415.987915	600003000002040170000029803460000030000010007073004000038402519900801000126705304
1670000430.151672	218005000490382050000900004004001020080009003002700415007163009649527800500800600
1670000479.8557127	049705000000004003601200070000001005024068731158027490000002640060100000405000302
1670000481.7947123	304000800100300006600017005002746530000089002000103479865002013090630004203051000
1670000483.337714	560903000000087010197000080000800200900045800851020340734000598200508064000409002
1670000485.3837109	672000904030906057540728000057600002306810700200307196000070560000001420400000300
1670000487.2920856	601275930302000005407096182060420010015039000009000008020004000000950806006000490
1670000488.9986658	230004000000080030094000702007108000120406578968305240600040803000067120009002000
1670000491.4696646	060308000304560000080409730496002105010045009750090008000603500009057803530080600
1670000493.1966653	001270900049138000007045013370029061185300009900004078006700002248603005000000000
1670000495.029668	608123079003080062291040530000030200004951000000000913900807005800090026400065800
1670000497.3406665	387000902002736005010902300000000000075800649908020500069000050054369010820170000
1670000500.04267	040308100210065000600000070903046781104829506805000020400000603000602047080030000
1670000501.9116662	100250608040080050508000002000040800400801060050026000704162500605470123200538700
1670000503.4216678	984031072610007000257009800300060010000370920009005000030006000045018096196700280
1670000505.5226634	300001000068000540000050036000060400031005002607082000506390124000710800819520067
1670000507.3456657	060501800473002005501000024810600000090000030357020601005207480946100750008900010
1670000509.97866	650003247400007000907250003200300081001706409703890520060009300374000900109000004
1670000511.4806676	900300071437800250005020049058409030700100098290030004080013000304687000100250000
1670000513.0756626	405700006000002090890000037134800670960274510000003840309026000050000004000950060
1670000515.0266623	000407910190003000042910087605132070030008160049004500001300000000871045000250094
1670000516.6676664	040030009985102004300479680009087042200000068836050097000020800740305000060001400
1670000518.4646657	084900750306405208050002406015008002908600004763049100000000001000527649000100000
1670000520.4800043	608419705000020103217308906803000290051900060000040800500000010000805600082064000
1670000522.2700014	030205000759801604602407153090006000000073206007040580000050008806004000940000360
1670000524.1960042	008920300940050020602000800000008003510340680386107004030080000895034060007200530
1670000526.3930025	090751023218603754000402000100000092000500380300820506000070048049000070020005634
1670000528.8090057	040608000108703462765209301007030096000470108050100000530000014000060900901300000
1670000530.2810025	030005160057000028008400000305082697206700000109654083060000001000340870003018000
1670000531.996003	984007100010590008257803000802005090045009802000248307400030000008401200060902400
1670000533.583002	034706000000050200750000004970261048382047051006000092003000007800502400000079806
1670000535.1930025	079308000000190080100000600061050800000003090940000570890536021000007064726940058
1670000536.8620012	290071000080309006040000000907080204000900600008020913029704038805100079074090162
1670000538.5340014	000051030005000040074002000496070300700208900208009475001007890827590160640010500
1670000541.0620048	600827509250040030080001072002400007006750080745210000561070928400000003000902010
1670000542.9820037	200510004409068000008000070000800720100005000002000508061000090024139806053082417
1670000544.8060007	002030400105009063004651900090382150008470000700900084009507800827000009030000672
1670000546.976163	801003906009007850250100470500061704760830000032000000020019500005000302000452197
1670000548.733145	000910600304780152816420093903062000000030500170004020007001000630000405000040037
1670000555.5996258	000040605435906107190752803000809001049210000800000050000020009960000074058007010
1670000572.242664	904000600000900070560043000175604209030000708408372106001097060000408310050000400
1670000599.0323522	400800007350672004280000103000007000028300400070204916092405030800763009730000054
1670000627.361122	503910007026030805490086200050020178700050003809000002000000024078040019045790300
1670000646.058117	508000410670400900000020080361508049000010065809264037000807090180092000007000600
1670000647.9841182	050000960036000085982501004000002096309745008240090000810007009600980030094603800
1670000650.0961187	672350900030000205009007631000946823096028000000003100010692007703015000020004006
1670000651.9001231	030062070276815009900030250000580007807000900024000000049600130640740500008290064
1670000654.427116	691000005000300081238100460702000094489027010300504872873450000000000000160000340
1670000655.8451157	207149305815067209000800601000073002078204000300000010000400007706000098031090020
1670000657.9951162	500106004080045390000832050310084602400000031270000009620008405851000703040500020
1670000659.6731162	340026080001070000720800439409600302000019070100004900000568007000002005254097863
1670000661.495119	007010005000200000501984070400030701018705690750000000962078010005409300304061809
1670000663.2181304	800052040700000081045078096000060100062895370470031000913704058007000032000086000
1670000664.8691223	060000380105000402304000010501602040009830275820000001200300750000200109496107020
1670000666.8501213	006157800010390005053080090827009000649800000030070900000400308074920504180060029
1670000668.8161178	000009001610080000078000560729130608005490000460820395007060000000052406200008910
1670000670.5811188	040000865600580300350740020005810200070390580981060703000470050007050002024630000
1670000672.5011215	008000400000460390090015070981740205003000106460321907807034000540000700000500010
1670000674.7911186	570046030060020000800573090095080310008469700720300000050600073007810920000034160
1670000676.3957705	051040070400006981900001400342900007068427000100083024600000040734500600210700050
1670000678.1537702	803005600620948503000600002070003460009700080248009705051000000082016307006090058
1670000679.874771	007500603430006005608109027206450000001060340700008050800700130074020590109305000
1670000682.0307708	060300007815002000437000025058400003743000000001583406006931000004600594079240000
1670000683.4887698	007600254002010000060027913000870005050340700473206000734590062240000030600002070
1670000685.4447734	407005903905240080000090000070620005309000700250304001700900038590437060132500070
1670000687.1357725	497000030126300090000109004031600020678002905045000000062501040350096074810000006
1670000688.8727725	020503001050000349070190056000000700730200508005074130008309000302006900197052603
1670000691.7247694	031000000640200380020601059496023500208054000053060824060300100005090073000010208
1670000693.4737713	001086079000400062407900508000100006650000001008009345009243600704005913306700004
1670000694.9547696	010300002908510370760000085050020496000754000280160050672040030800005049500000807
1670000696.6577713	000780405050409000070020001000200190302190860007803000730908612040070350005312009
1670000698.3884478	090467508700000000008000409962100040810003020037650801580704913100300000024009600
1670000700.225448	680002049730590610200760058568000103190080004042900860800000200000001000003056980
1670000702.823679	207000068090687302800250190310009600000060704074008219000091400030000854700040006
1670000705.8016782	400000238210000047750800091085000020902050870004000160649308002000706000820400016
1670000707.4496791	060030001001745063730090800513900020000057018870603000906000050100429007000501280
1670000710.4086757	096157030018006700003200100531600004600800050000509003900010308085760020070908560
1670000716.296053	871000340300510006050700091030006009098340002704000508027080900905400600683001200
1670000719.0990312	850007000000600080307000205002046000136089570540071926000102450040700608003005000
1670000722.399622	614073089020000051705192036000008100430720000807000003000057602006810300040000007
1670000727.088646	640000802020070000900006510069208354058040000031657209090102000500000004000790420
1670000738.5953336	501060024060400073070000105000007208802390547300284090005600400020000310946001700
1670000754.1743417	072004053049010082800257960000740000007800649084090005920061030000400010000378090
