1669964250.795124	008050006000900130005013000701800600090000002000190000004070000060020000800000470
1669964255.11945	400000060500032000910004000000600450200015006000000010008000020000800540070000100
1669964258.9853776	130005040500730000700019000006000109009800002870000000000008000000340060600000005
1669964262.0168982	000000560000080040003200007000100000064000210000070080070005000000026800050000403
1669964266.6902304	600710002300000096800000005009000000000000429070800000000003050130007000020054000
1669965805.1959221	706000080002100006000000007090000350800500000040020000000276000000001809000008400
1669965809.5883083	006300070051700309000090200000000010000900007097050000080000000030062500010008060
1669965811.4659374	000000070004800000109460030400010000050020000040306400000000098500000607200100000
1669965817.0810573	013007006000000024050800070000908700000000050000670000000000902706030800001020000
1669965821.5667336	700100900000000400940000002000010820000020050000794000001007000008000036020600000
1669995644.9909487	000004007020010950600200000006800010050100408200000600000070000180000000004060090
1669995647.6819856	500020000831000000600059000007000050000740900040000600000500038000003000006008004
1669995650.2109158	000010000035000040008094036600070000000309450000008000009000700000700200403002000
1669995652.4518502	970000600000000009040200007002040000001000530600500000000002061000497000000006080
1669995654.9335587	000090000762000000000800300000009200030000007804005001100000070000100004290007005
1669995657.2884212	000750400000000070020090050009002000000008106040400000597000000400000003200000084
1669995659.531515	003029001600100400008370000904000000061000058000002000050000060000860040700000000
1669995661.9265738	000004082000002009000731000400300000020050000800000506000000070071000200003040010
1669995664.1086545	000000020000007800080003000040000005100000060070090000092000400005420700004560980
1669995666.9422746	064070000000003004000080050090000300730000800000000215200500008003201000100000000
1669995669.0512626	405900000700005004008000600000000800030009070000820006000000000396200400000703004
1669995671.980638	800000009040000020050910000000007000703800000002003004000060800000000372000085400
1669995673.9362724	305071009000340000890200000030004000060000007000002850000000080054000904007000400
1669995675.5340497	000008002000100400601000009070200080030000000004000370500040000000873000490020000
1669995677.4394996	000009100000476000000008905500000320800040000090200000076000090000000007004800006
1669995679.2799056	003004058600100002204000000079000000100080300000600000305008090020090004800000000
1669995681.6092675	000007003000910000100003204080100070000000060200004000006800000050000006073200090
1669995684.21799	305071009000340000890200000030004000060000007000002850000000080054000904007000400
1669995686.776833	000010000020000095070050003002300701000700400430800000650400000000062000090000070
1669995688.9858766	005000000008100020040805000630000000000020001000004030700000400409000200000000815
1669995691.3548913	080000000060005300000090560000000802000000040307020000005060980700400003040001000
1669995693.4411814	004270030000008600003005000070000002009300005000020004002050000700000018100400000
1669995695.2121513	105900760020003000006007080004000510800040000050000800009000100000560090000020003
1669995697.7212713	400050000010300007750200061020049000030000000000800502902000703100060004000000000
1669995699.8487427	300000080100603002560000000080100070000500000209004000001000620000000043070050100
1669995702.0637238	400000300000007025010042068800000504000000000006003080000010000090000200100680007
1669995704.635644	820000003090007020000000080007900000300001000005000401000030600000070350000829000
1669995708.256193	008007009040005000190000000920000040800040620000000100000130004700000004200060800
1669995722.141999	000000002001006005300004000290400300000020061500700000050000900904001050700000003
1669995751.0848663	060010070000307024400000005090001200802003000000400600130206000000040000000000050
1669995781.2791789	000000000010009070000800430050132000700000002001004000086000190004005000009003000
1669995793.6446943	130005040500730000700019000006000109009800002870000000000008000000340060600000005
1669995795.952744	050900001016000300000000006000561000000009037000003080003400000700000420900050000
1669995798.5947456	050000027008002000060400000903000080400006900000000300000394000000080004000060508
1669995800.9669938	600100080031000000040700600000004000000000096090002705000069008700000009020403000
1669995803.8263447	030400100000018000600003000000009000080530072000000040003900400024000060005070900
1669995805.9998753	400005302006030900080009070000100800070000095001060200054000000002000000810000006
1669995808.0455103	000045000000026000000090037400900080915000000000000100032000650700000200000160040
1669995810.25651	000087400800000001060000200695000000001003000002401000000900000000010059200500060
1669995813.6535099	000090000000005008000830496005000060000400180920001000600000030000200040500603000
1669995816.1468534	400000300000007025010042068800000504000000000006003080000010000090000200100680007
1669995818.2547002	007930008680005090000000002000400080500106030060000000001054000009700004000000070
1669995821.103696	870000090000008001000020050000432000019500000060100000100000403004005200003000000
1669995822.6148825	000000000030009050009820013107000000300000045000000006020074000000900000060105400
1669995824.5068645	000030102800001700000002000000650090070000080500000003721000000008309000003400000
1669995826.57144	000248000000900060000500190000000400080005200024000009500080000009007000100000037
1669995828.341345	060000000000509807100086000000000002000031700009400300403000000801940000000000035
1669995830.6279166	000005406000000000000208050013000807004000001000800009008001900020730000500000070
1669995832.7244415	300900000007000250500000010000102079000008100000004000070000000020070045001300006
1669995835.0874379	000800009004000000520004800000020400000150060600000008082009100000000300016730000
1670007242.2964923	400000060500032000910004000000600450200015006000000010008000020000800540070000100
1670007243.7968206	080000000060005300000090560000000802000000040307020000005060980700400003040001000
1670007245.0213547	510920070360050000000040000000000000600000540082700090000000009008004000000800306
1670007246.3878667	900002007000007050000060013000600009090030102700210000001000040200000804000050000
1670007247.7303567	730580000600100409209000008900800000000300006000065000008072900040000000000000050
1670007249.0774348	010060072050090008000000001008019000002004500400685000000000007800400060006000000
1670007250.2444437	000000400306000000000196030070000010800250090040000800060409008005000020000500007
1670007251.2614627	000087000063400100900010000000000008050000090084000003670908500001000600000030000
1670007252.601741	000000030008000040000004196100700000960000000300020500001070004640001000007500000
1670007254.3696156	040007802100090005000084000050072000000000000087549000690000000000000064005000400
1670007255.4166322	030600890000040000000800507090000000000006405300004010060010030001000200400020000
1670007258.0855389	000090008000030170000700360060008000180400000000500902800013000040000000500000027
1670007259.4175828	060000040090170000005000001000030500000059600000000824802500000000002000400008006
1670007260.7183006	000175000000008300000002890008060000090000406020700000700020050000000010501000008
1670007262.157042	800000300040001000200470000400000000010002070003090005000685000008000120000009003
1670007263.6535108	000000001905300600003100040002080000000000106700000580000003000870026004040000700
1670007264.7943301	000007081500004000020003000080000073060000000004560200400800017040000000000090020
1670007265.9403849	000041090004000006080000070000500000007300800000060305600002000700906000358000000
1670007267.172195	800070000000063000190800000207000600004000530000005800560009000008050002000037000
1670007268.4305282	000004060004030100007000002005700020000000000080060000700000080600905030000040210
1670007269.753611	600900700000078000010005300000300000080700003040000650109000007304106800000000000
1670007271.5490334	000007006006300800001205400000100000060009000538000200000400060050038090007000002
1670007273.1020591	090083000000900007008000010200064000030000000000102070020000340050040020000006004
1670007274.2582603	080000074005007000060090000000000100900006200201000050000219000000500003000600805
1670007275.7309866	600070001402050000900000240800100007009006003000009020000000300001000700040065000
1670007277.0094852	060000100005308060000060074007000000000045018080000003500003000001000640000900000
1670007278.0270996	090083000000900007008000010200064000030000000000102070020000340050040020000006004
1670007279.1258438	800030002000900830100700500080004000000050000470000306000060415009501060000000000
1670007280.3187764	005200070003001000020000005670000480001900000000700300084050600100004000090000007
1670007281.3521276	060000003042005600190000004080130000700000002000064500020001000000340000000000890
1670007282.5589683	410000000000000730060009005000800000006700120204006000000004000031050060000013000
1670007283.778031	060007000010000700400065009000000040304900000500072000000103090000000006290000500
1670007285.11056	000030006030000200800000750208001000000000005100078002009000800000250040060004000
1670007286.206571	090107000010090045003200000300000060062000300005000009000602000000000000049000057
1670007287.7078912	020040007001020000000800065704000580600400000000030000508900400000607000000050030
1670007289.078113	006007000000900005050020100000000560080073000900100000800000013009080007530000004
1670007290.2051246	006010000020009000570000000001260048000003070000000000600041080000300002034090006
1670007291.7278883	000010000020000095070050003002300701000700400430800000650400000000062000090000070
1670007293.0280535	006850000000000170090003002000060020087000009204100080000000000000704800538000007
1670007294.2190764	009000016060007005010000000400900000930700000000615000802000300000002090000050700
1670007295.6861155	870000090000008001000020050000432000019500000060100000100000403004005200003000000
1670007297.0022407	001006300030800720000400000010000009900730100600000500195000000007008000000100004
1670007298.461223	007930008680005090000000002000400080500106030060000000001054000009700004000000070
1670007299.8971956	000000079004000000000670500900081000000039706070000000302000600560000003000800004
1670007300.9352005	090086000300000007560020003000030000010407000704000002000100040000000890800000020
1670007302.3107753	200300010500000000008205000000000235480000100090000800067040000000008070000010003
1670007303.3960788	000002000700000100200004030068000000300010680000003050050009706020070000003000090
1670007304.6209927	000000000010009070000800430050132000700000002001004000086000190004005000009003000
1670007305.7187366	000307000010400600700000090900000507073160004000000006080001400060075000000000002
1670007307.0334237	130000000000740000004000835007580000905000000000000402000000090070902040300800600
1670007308.3114934	000798000000010250000020300709000002000000070008001090050000406200006000010800000
1670007309.533755	000000070078000200006005080500060000020004000100000409000876000000200003000500012
1670007310.7310867	001000040300800700056000890000085000000700002004019030000340080680000200000000010
1670007312.2049553	005602000700810400000000560049000000800000007000051000000940802306100000000000000
1670007313.6789863	000006000000109500680000090002700080090000004004085000000000403000060000870053900
1670007314.754856	001080000030700000090000805000001004000003091000672000700030020206000100000000060
1670007315.8770509	200004000704008000000000079006000300400206000051000006008400000000010607007080050
1670007317.0617423	900061403700000000400300060007002000300705002000100050000004130800050040009000000
1670007318.188723	000476000000005800000001509000000004460000050070010006500030000009000230001700000
1670007319.3376825	046007800008900700500020000000062004400000007000050010002000000045000020000008060
1670007320.4963837	000030000800009057000000003000900000063100420020070000000018000050000800204000096
1670007321.9347448	000023470000080000009040500073005000000000020006010040100008004500000010000900680
1670007323.074667	000600830004300100090002005070035000040008600001040000000000078000000420900000060
1670007324.1216686	427000000000600003080005000004000010000097506000100000800300029000002000250010070
1670007325.4444213	000040026309720000050000400007913000603000000000000002100000080000008009090000704
1670007326.7194414	073002000000070000001030800000260080000500020000000137600409000020000900800000004
1670007328.0031993	005407000001000000200900000000000479030500000900760030000001305000000006074200090
1670007329.8532913	000000000000700050600890003500000000000004100004003068060030009805002700001000605
1670007331.006273	013000000000500004500027003050060000730005020900000000070090802200000190000010000
1670007332.5084667	100300000060007200000900700007040501000000000043000609400000060000000180002605300
1670007333.7382607	900002007000007050000060013000600009090030102700210000001000040200000804000050000
1670007334.7955205	009000000030200000000084051000032000006000020080000570000060730700400000405000090
1670007336.0764334	000153000072090000080070000700000510005009300001000000000300009640000002000006070
1670007337.2124443	010000504096007000000200010000000807085060002004000000030000090009030005000540060
1670007338.2328446	000000090090700210004090000010008000700420005008000074801000040000000000009613000
1670007339.6053967	030600890000040000000800507090000000000006405300004010060010030001000200400020000
1670007340.9768715	027100008000070042080000090100000600500020000000085000071400000040260000000000003
1670007342.2748928	096002000000070006003000004030804000000500001020003500000008000100000700004601908
1670007343.445733	000200000005800900026040000003007500000000024000083009400100608060000003000700004
1670007344.608571	006000100200700300053000048000000000031080020800000094000501000000009006962000000
1670007345.661371	000030000800009057000000003000900000063100420020070000000018000050000800204000096
1670007346.9607089	960000010000000872300000090504006000000001008000900400070080100020000000009270000
1670007348.0286968	000000060700008010000061002300020000080700000000500903002000400861000000007000250
1670007349.413128	000153000072090000080070000700000510005009300001000000000300009640000002000006070
1670007350.684104	900061403700000000400300060007002000300705002000100050000004130800050040009000000
1670007351.8443186	800026400900000000000801006500000207000000095000204000000079000040500600034000000
1670007353.079082	010380000030500000476000000004000100200000003000902800000003076100070040000060000
1670007354.4420633	300000000060000380800070020000010600014000009000002007005600000000823000906700000
1670007355.6521811	400300900006400050080000007000000060000004001048109000600908000500030072000070000
1670007357.0131357	080007050010300600400008900070020045000001020000400001002080000004009000500000062
1670007358.259233	005032000700000000009700000100080200300010600060000903000870040050040706003006000
1670007359.4485164	000000520000002007040068000008000602000010000040005000039050000506403000700900030
1670007360.470148	000000090097000400008060070000987000000004001000006024200000503040050000600800000
1670007361.6488116	072005000900000080000070000000200305300010700000004800100006009006100000000340002
1670007362.89799	200060050000070000000400760567000000040003000020094000005000002000108009100000400
1670007364.0954442	000400000561000073009000001830000604040090800090200000000600035000500000000030900
1670007365.4180427	530072008609000000000000001050000160200390000400100800000060490000005000074000000
1670007366.5338602	005000200700004003240607000580000010007000000000030004009040080100020000000001520
1670007367.6787748	065200400070000100020400008000000010000590607000300050000007000501000020043000000
1670007368.8123121	000046500000000900006003020003080000000409080090000060700090005240810000050030000
1670007369.930098	005008000106003004002000007001004000000080060070000000900530000000600804000020049
1670007371.2200305	001000020402000080000000963000800009000002500057400000600090800020063000300000000
1670007372.3994505	090107000010090045003200000300000060062000300005000009000602000000000000049000057
1670007373.6180172	070001900500800003000000050000000002096200005080700000008004060703000020400060000
1670007374.7192783	000000030008000040000004196100700000960000000300020500001070004640001000007500000
1670007376.347385	070100040800900200500008000100000003006000000004350069000060300060080400900070000
1670007377.4673755	600009001830000040000000020007030000000500008204600700405800060000924000000000300
1670007378.7695725	800030002000900830100700500080004000000050000470000306000060415009501060000000000
1670007379.9035804	000000000000000000000000000000000000000000000000000000000000000000000000000000000
1670007380.9745822	000798000000010250000020300709000002000000070008001090050000406200006000010800000
1670007381.9975843	900680000061730008035009000000100003700002090000060007500900700000001000008000006
1670007383.0325713	600031000000640050509000003000000008000080400920000064100006030084003090000000000
1670007384.1797411	090000200000005080008400010006001305050009706400200000000002009734000000000060000
1670007385.326456	130000000000740000004000835007580000905000000000000402000000090070902040300800600
1670007386.7530987	000008002000100400601000009070200080030000000004000370500040000000873000490020000
1670007388.3992233	050760009020000000007900500010002000600001007870500003000300040400050800000000006
1670007389.7561219	530072008609000000000000001050000160200390000400100800000060490000005000074000000
1670007390.854298	040060090000000030093000005000500700000943000000600580800000201005010000600004000
1670007391.9221673	000041090004000006080000070000500000007300800000060305600002000700906000358000000
1670007393.1983445	050670000600040100000030008123007000040003200000000730000000006005800400300002050
1670007394.8546352	000928000000010073000070040000000008090100002820000700003000650700600000001009000
1670007396.1730545	385000000001009000002061000020050008000030000000100035000704600800000200070000010
1670007397.1717272	009600000000743000000000040007020050910000000200000630045900010006005300000007200
1670007398.2403445	038000090000080007540000802400000105700800000040000020800410000000063000005000070
1670007399.3294618	100008470500000000040001030002000000000304600008100000000060005000805020060437000
1670007400.5781941	008000000000901007000000254030000060000120000200046500000000045801300000003060800
1670007401.810288	006000070800000046005390000000000301207000069000500000000000000009700015060028000
1670007402.891989	580100007000500026002704003000001004100000000004200000000000608701003000005400900
1670007404.0578783	402000050009000020000000137700000000020307000300100500000050001000002600068040000
1670007405.1763306	000000040000073000003051000300600000047010000005000002274000910100040680030000000
1670007406.3293273	800200004000007035304000060000000310002500006000086000700000090000003000096000500
1670007407.614957	007008000095002600000100250010000079600009000008004000000000000006400800030050020
1670007408.644053	000700000501040700000000928005004000000000801720000500690080007000000006000910000
1670007409.9301023	000100200802005000094000000200300001000009700400060080000207000005900000000610094
1670007411.0471194	800200000000009010345000000000100050060000003038700290010000006007900020000003000
1670007412.0993779	050000090001000000300008627030500000064000030090037000000065300000090050000000780
1670007413.3441098	000000001905300600003100040002080000000000106700000580000003000870026004040000700
1670007414.798996	008000000000901007000000254030000060000120000200046500000000045801300000003060800
1670007416.1010098	040060090000000030093000005000500700000943000000600580800000201005010000600004000
1670007417.3467915	250300000000946000010500000005000096600000000900030040087000200000004300000070005
1670007418.6481693	001800400460000000005000160000030087000000900300910050070290005003000000600040000
1670007419.683167	970000600000000009040200007002040000001000530600500000000002061000497000000006080
1670007421.0471888	020000600050000210849000000700200000008005000000001307500080040000000090000940002
1670007422.137888	900672000200001400000000008000100000740390080006004000000000029000000004561000700
1670007423.5742123	805070020000100000000030000200300800000020090040000065010050000430087000600000070
1670007424.8663123	050900001016000300000000006000561000000009037000003080003400000700000420900050000
1670007426.033312	008007009040005000190000000920000040800040620000000100000130004700000004200060800
1670007427.179671	008007009040005000190000000920000040800040620000000100000130004700000004200060800
1670007428.6536992	340001000020009000000500070000003107680000302000000060008074010000000000009000685
1670007430.0307171	000000984000095003040000050007840106000000005000070000069100070580600000000009000
1670007431.1206727	107000050000070006000008030000984000200600000650300000090030800040000000006000904
1670007432.376499	002300015000060900100409000000000000649000000000080072000000100000000396753000000
1670007433.4499483	400000002000036700700000090004200001080000000960040000000000013000080200031060980
1670007434.602719	204000000107090002000000700600001000000020603801049000400060070000000009000300560
1670007435.8364427	040860100602000000000009000190050407000400010500000000000096800000003006270000040
1670007436.948573	046007800008900700500020000000062004400000007000050010002000000045000020000008060
1670007438.089056	070030050000000700030004001040001002006040005800056000010000006000005004200080000
1670007439.2464993	080060001007001000600409087000000040045000008000000500300000090420000000001200700
1670007440.3154685	030200080000100207028040000004000030800090000057400100001007400009000308000000060
1670007441.7301896	000910000900600300083050070000000005000000000200001407102070600004000290000060000
1670007443.2526634	000400008000005300000000190000000034070102080508000000040071020706000000890000000
1670007444.6193602	800600002000000009000290050300050000006008000000007430080000507050000100629000000
1670007445.7847917	508007900040000600000803240600010000000000020009070000020000054050409000400000010
1670007447.301263	500070084009001200000509000000000000010096040753000100074000000000003020900000300
1670007448.5660527	800070000000063000190800000207000600004000530000005800560009000008050002000037000
1670007449.7709353	345000000006001000801070200003008000600000050004190600000605103000000700000004000
1670007451.057823	500400100300005007090003500200700000004008000600000009006000400001009200400050980
1670007452.9560037	800000300040001000200470000400000000010002070003090005000685000008000120000009003
1670007454.1191597	870000090000008001000020050000432000019500000060100000100000403004005200003000000
1670007455.4847264	500000420000607010000000003004002008000079000040500000000340800051020000070000006
1670007456.8021586	000000560000080040003200007000100000064000210000070080070005000000026800050000403
1670007458.0351632	400000300000007025010042068800000504000000000006003080000010000090000200100680007
1670007459.9346619	000100600002508000050700210000000006206040000000000003190007008000005300004000090
1670007461.2638292	305800000900003004000005000000087040000010080000000539008000002040000900070260000
1670007462.6876001	000470030004002000009530060500000400000087900090000600006040000850000000070001200
1670007463.7224095	000596000700300000320800000000001030401000002000060008003000590050008600090000000
1670007464.9089334	600102070004008200000000835508400010000000000090000050900871000000000600070250000
1670007466.0056024	960405000000000400370000006031600000000830000000040001003200000400000800018006750
1670007467.4026945	004007200010000480008000000106700000000482000900100000000005010350000006000020007
1670007468.7193105	800600002000000009000290050300050000006008000000007430080000507050000100629000000
1670007470.0467734	080007060405300000010200500004000010000000006063000008000010020000060050000900703
1670007471.6367674	000010000830000200000950704020000801000000000040081000009040060006000302000860100
1670007472.6443434	008007009040005000190000000920000040800040620000000100000130004700000004200060800
1670007474.0391688	000005070205000400000600800007000019010000000090008006000196000740080000300070000
1670007475.0802858	400600010000000600000009802070400000000060000105900040500000080208100000000000730
1670007476.2190104	000060008000100700604000200030000000090070010800000093028007000005008000000319000
1670007477.681975	984600501000500007000000009000010000020703100560000000800000496000090000100280000
1670007478.8010728	000000000000000000000000000000000000000000000000000000000000000000000000000000000
1670007479.8471284	210060000030000000600000497000000304000009060073050800500407901002010000000000000
1670007481.604808	000030000120740000000100004005000700000000010030061028000900002460000830007000009
1670007482.9774437	008060000009000204500200000000005001000008095000673000000000070730000500060800030
1670007484.1306705	000000001905300600003100040002080000000000106700000580000003000870026004040000700
1670007485.3494835	530072008609000000000000001050000160200390000400100800000060490000005000074000000
1670007486.4594893	400090000010000300080000107006000003009072050000004026002007080500006000000850000
1670007487.6132557	900000400007000001000807300004060090000050000000001065040130000569000000010200000
1670007488.8802783	000071002000060007000000345350700000000003000040005020002000400700000090001980000
1670007490.1764398	046007800008900700500020000000062004400000007000050010002000000045000020000008060
1670007491.1840801	427000000000600003080005000004000010000097506000100000800300029000002000250010070
1670007492.5389545	900720000007000000002050080000900040000008005430006000010000900096000800000000257
1670007493.880142	000015069000060500001000003830000004040006802000200000084000000000031006000000700
1670007495.0119505	000010000000700002070900510020009000031000040009800070400050003008006000000004069
1670007496.1837533	043000009000600005000004100901050000000726000008010000010000720700000000200005060
1670007497.2817113	000248000000900060000500190000000400080005200024000009500080000009007000100000037
1670007498.44058	270000060000700300000005040306040000900030000000518000008000000030000804001400005
1670007499.6611366	010000504096007000000200010000000807085060002004000000030000090009030005000540060
1670007500.6782098	000913000200000000790050003000008674030062000500000010600000000008700009300090500
1670007502.061285	405700000920000000000000158000000069080006700090000001600090003000007600500100002
1670007503.3550878	008034060100080000700010000003000000020500910900000007006003801300000020000900040
1670007504.8080971	040000007006000800000304100800710000700900000562000000000007052000020000080050060
1670007506.1300392	900672000200001400000000008000100000740390080006004000000000029000000004561000700
1670007507.5249572	000000000000000000000000000000000000000000000000000000000000000000000000000000000
1670007509.0222497	006009000130000004005006000010870000000000050029005300000000700000540004000038000
1670007510.9362535	630010000700090000000050106001000370002073000070000400000006200000100084950000000
1670007512.0894861	009007004000504300000000005547000000030000060090000032001300000000020180700090000
1670007513.3358917	962300000005002040430809000000005000300600010080000420000007000000120008000000700
1670007514.4068892	000700000009200005702060000080014000050000090600000001000003600000806500000000279
1670007515.66373	060000903002000000100030004000740030000500000685000000000007000001000720403005090
1670007516.6855354	800000009009000001500004000000830100010700300700096000060070400370500008080000060
1670007517.721586	000007910000010000020090500060000070000406008005000002700300000200780000951000000
1670007519.2353206	900850020080000000000709306000020400060003800000000001005000000720100000001047600
1670007520.6995018	508007900040000600000803240600010000000000020009070000020000054050409000400000010
1670007521.899669	496000000008090700000000160500200040000008200800005600062010000005060090070009000
1670007523.0406685	000123000000000700008000010000070560060000042020008000430000006006090800000005003
1670007524.78368	000006005009058000001000920000000200740000300030000007900013070250090800000000040
1670007525.9696426	007010065900700200080000000090001007004000910030000000001040029000020050050000300
1670007527.062656	060910007002000015000004000900300000000006000403000250004000008000008704005070030
1670007528.2486486	009000002875000000001000309000000700000507090100800500400009000000030046080010000
1670007529.9454446	009000016060007005010000000400900000930700000000615000802000300000002090000050700
1670007531.1880586	000700000009200005702060000080014000050000090600000001000003600000806500000000279
1670007532.3010757	000001040001009006470000800000100470700598000040700030000003000002000000508400900
1670007533.4870775	000071002000060007000000345350700000000003000040005020002000400700000090001980000
1670007535.0273445	001300000090020000008000026000009005000001809000734000000000700470000090300010400
1670007536.0792654	200000000107400003300200050005020000060100400000007000000003008800600200040800034
1670007537.2116308	005060030000100009020300050100000002006008405004000010070000800000049000000807100
1670007538.4364831	530000008009001000000049000496000823000000004003000060100700400000020500062000000
1670007539.4537797	000200000005800900026040000003007500000000024000083009400100608060000003000700004
1670007540.6271243	030000000040700801020000500900000000100024700300060908000038000040000006700001004
1670007542.1961286	300120000000007000000000700500000309006004800000810250402070005600900000010000080
1670007543.5001469	001005000800400000000200109050000003040000025768000000004080060000000070000067500
1670007544.5618286	073200100000090000006150020000400087000003002004900500001070940060000000080000000
