1669964226.456586	065000019003000006000003000000000040100030007070526000080000970030050200910604000
1669964230.3264189	900000005030200000015340070600130049700000600200004000000000103000910000079080000
1669964234.335541	850700020010800009000500004080000002060100700000000000006010040405000000020030006
1669964236.5958364	000050070090040000004000008071002005040000706206400090000086000905000000003070250
1669964243.8321276	840060501000003040006900007020710006000630000900000050000040060200000180005000300
1669965783.3385932	000706000009030002060900001005010400006000700030074800800090100000000000003040005
1669965786.080059	008000013003060809000005400407000600010007034060000000086310000000000590170450060
1669965790.1250122	000000000030500060002080040050060080010070000300020670000000107100800004040900030
1669965794.808162	004000560306000007000680300170005000940006801050000070000160730200400080000500000
1669965801.4645452	072090000000060007830000049300475200050000006084006700015030900000000105000600004
1669995520.5659456	060900010003400970020700000000000207002001008080005030000000000030006090400100080
1669995523.1324997	000000063500400800100030040200800000000000000001007400006300000009200100007080609
1669995525.6750202	007800040200007050081000000000000000700090004300002060000008001400006003130200009
1669995528.4853237	000000073080600500010007006100040600000000000020500900300700000400005390900200100
1669995531.0475686	090500600004700010000000000400207000001600700003000200300050060005400080000023000
1669995533.8829079	009400003400002006820000000004010600000000000007900005078009100000200800006500700
1669995536.586098	002080079090000100704009000910000000000008003080007250000020045000400090340000006
1669995539.3973324	500670980009830057807500010002015000000000560000003000003004100040000700090050002
1669995541.953207	500672008600831705000009001000007000000000009080300570006015030040000006108000040
1669995544.5189166	500000009009300000027000100400500308010006057003000900900045003100070000000000605
1669995548.3911746	041062000000000009090004560700400030020750090000000000007031080083000200004020000
1669995550.755179	000000000100070900030040006200000005900060007001057003002400600400010800000502000
1669995553.4645002	602004050000010200000050009003400000010070690028000700050030000000096570300700000
1669995556.2116573	900027050050000904000000000800075649100040000000009800000400000000030010501002037
1669995558.685806	000080005851409000400020800068007000040000007190003204004000060000002000019670000
1669995561.1551695	080002704004090001000760005068007009090680500002005000000000400851000060070000018
1669995563.4512594	000900427000080015790050000900000000586000002000160000009040800100720049304000006
1669995566.6889436	000095040010207060004003107070310005100000730500604000000020003006000804040000020
1669995568.7962954	000700208000800090284160050410080060008516000700090000002000500801070040000030000
1669995570.9903204	000000000008900500010700006400007600007800300000042000004000002005600009800290004
1669995573.0903192	400006800200800009901003056009680002010000590008009700024090000100000400007300000
1669995575.4652708	080102700020000085046000000000010508900080300630200090810005000265090003000700000
1669995577.6418335	000006201800000000100200705300010006420700050000000040000002000057030090603509000
1669995579.8899643	085002090000000026000700000000427000300015000090000005926800300000040700403000009
1669995582.5018241	070000000080400070000053040009100730700002000000004902500009800004500000103020004
1669995585.4070764	020500000000620009000098506500309040300000100190400803000030000700001008080974000
1669995587.5030482	000000040300001720050000800000002000000560000603007204130080070590030102004209008
1669995589.7102995	002508000080400000037060008000204603200080000005000400009040070000700349300001250
1669995592.069378	403000800000090700006807000500070000002901000000008050000120479034000102200006008
1669995594.273012	002000410000200060300650020049007800001090600000003000000000204090300000010075006
1669995596.4037852	000640000030005020080200004009008010007096005006000040010009050008002700000000000
1669995598.6527112	002001084040020010030640000007000030200000100000210705020070500005900308063000020
1669995601.116627	080300020096070040003050091600000003030015600000000254000002400370000000109700500
1669995603.8550227	000000602057040031003000000000000007100750000740010096420085060001370008000900010
1669995606.0625255	000000080700000000019703020080100004006004000400005300240900800600400105901600207
1669995608.4034736	640001702807009010001070009006057000200000000050280000060405003080060004000000105
1669995610.4674723	070900001000250040500000807000000005908060300005308002000000090096040000004100003
1669995612.7570894	002007305800030006000600090703000002091000030000013000006700910300500000070008000
1669995615.1709971	015406030000008045008000106040900070000370560300080009004000600180000000060530000
1669995617.6428108	040000300000320000860100400008000000002058970000000030000000003020400190009815600
1669995620.8555136	000000900009043080300701000000080009005000060460000500008600040050070000040150720
1669995622.9207366	600000800003000720100006040086007004009002000004508900001005070005034000007000038
1669995625.085725	006200005000400300200003010020300000703000049040902708030640000002500090509000100
1669995627.791926	531009620000000000000006094096038100000000300700601040060800400105020000000000000
1669995629.9420538	807603009000000301500904000090000010200745000750000820000008000000020670004560090
1669995632.2379727	900402500000901000050000007400020080002000734508006000000800020700000004090260000
1669995634.627626	058000000002087900000004000060000030300060500000508704096300070001000009000800250
1669995637.1435287	000000000020090001006007008000000350040080009060300080007900105001020006005030000
1669995639.7649293	100050006200800107700030000005080001000000000600002004000000370009040008006300040
1669995642.4019964	000006000400157000003204010060000030074920050180700040530002000600000007020040100
1670006841.8394868	400006800200800009901003056009680002010000590008009700024090000100000400007300000
1670006843.1050367	004000500000000049603000800002000096705000200090840000000630005000280000370100002
1670006844.2560358	900007302002010060000204107304006050810005020000000400000009080000000704700500210
1670006845.4740367	003600007000000015050070680009800000102007008000102000040000000700000309801004200
1670006846.7548227	200900600000500800806070100400001200000000000600700009085000000040050002700400003
1670006848.055789	000000000000000000000000000000000000000000000000000000000000000000000000000000000
1670006849.2487946	000000080700000000019703020080100004006004000400005300240900800600400105901600207
1670006850.4751291	200530064700000090000000130100000600080900027300007900000040071005006300037090006
1670006851.8480868	530200900000030205020900630000000000010603700400050000900000307080060090004800000
1670006853.0343754	408000000002006004050001020020600700000000000030009050380700005060300090000800040
1670006854.1963744	000000506005080004003200100002070000064500200090100000870305000040026005000000400
1670006855.4903715	980072530007000000600000000000703080000415000560900070002100090000396210006000700
1670006857.18413	071000900006008003340600050102900000000030009508000700000080300600050097007300068
1670006858.8791301	001009006000005004064030002003007080450000000700050000007200001000000000006003090
1670006860.048139	007000006900450200020001050100003000600004100000000070002009030081500640000030000
1670006861.3601305	900010070000060024070908000006000000218000000053204600000549000000000702500000080
1670006862.5471292	007000910005000080600007000009800006000020340006003090132600400700000008090700000
1670006863.774074	000000000007500001090060004009008400002400005000000380010700009060005013030800000
1670006864.963075	000100600000067003863004071300049000000600000604000090001000009009200018020080730
1670006866.1200755	530600004027000000600001000700084106090000802048006005000415070000760000004000004
1670006867.1770756	090004300300080501000010040801006030006305007000090005005009200004160000000000406
1670006868.192081	000000000000000000000000000000000000000000000000000000000000000000000000000000000
1670006869.3478281	010089200080005030090000070006002040005400700000970000000000000003008020050004004
1670006870.3878293	090700008000032490080006053270900000108050009045000020500308960060000100000000004
1670006871.6863794	600200900000000038100030002050700100040090850080300000000000000040004200700900500
1670006872.6273663	800020000340001000006003090002680000000009000500004160005042087420008000600100204
1670006873.9928977	000000000070008005020100900403000000002040009080002006090005700730080100000004300
1670006875.1985052	743500062050100400000064500960070005000040000400050801500000000320000600009680050
1670006876.3195057	805130004000700035004000060001000000290000003743200100000000010000905700900000400
1670006877.4475029	260380005000000000580002603004000017010004900057100020006000080130900700000030009
1670006878.5265024	304280000000600020062000000000501800000040000200060705001706904040008200027000013
1670006879.7709694	600500000830090050509070600005900000060100409920040560000000032000001700004005006
1670006880.8909578	006080400007001080000450000300205100200006090500000040009002010600008003000000000
1670006881.906589	870000003090008000500200004006010070000307000000800560005400000201003740000001002
1670006882.9305727	020000013000031200500600004406050830010006005053004100004028060000000300100700000
1670006884.076573	000005070100000049572000000008060007000002306900507000700009005090050000000003028
1670006885.1005745	700001300400079005900000200003007500000000000100006040000920000008005600001600002
1670006886.22258	006900000001800300005004610200700400300009007000000096800400100000000000003050700
1670006887.2345731	860000013090000000200109600000001400037900000002007508020710005000003726004500000
1670006888.2315724	480030200000009038010000040003900500924100007005374000038000000007008600600700000
1670006889.3185785	750000000003040021400100075000078000060409010020500000000080000100007064000003002
1670006890.470575	500000004320600009000200830200080040040020905008007024000050710000060090000809002
1670006891.4856594	000080003006704000003200040109400000000001300500006007300000002068000900025190000
1670006892.6025572	300060005100800060000000890400050002000000000001007006007500209009080000002040004
1670006893.795214	231800070000300000067190008600730001000209000000000026700000000049400080306071004
1670006895.286661	700090080030060004000000000200000005800026400600070003010040009000205000070900500
1670006896.4836588	003900451000100706005070002000406100000000000001053000010000090480001600700000003
1670006897.532662	000530080000009050040807010057000000090018700200050100000062300760000009000004000
1670006898.611662	009010020040007080000000000070100260060030000020090040005080010004300008000000306
1670006899.6916726	600057100000003005010900200000000700281040600030000002000000014058000007007060800
1670006900.8002217	001700090000000206004020007050000360030800040060200000008900030040005070000000000
1670006901.7992244	001005020040026070003000060700009050000000000004002004009004008000630000030900005
1670006902.8082154	060500000001049520409807060000100240145000030208070050000090300006000000000703000
1670006904.06521	092000000100800030003700900000000000400600010300007005000002090240005100700004060
1670006905.0352085	000000000003060010900200050200006170700080000100030090000000807004050060009008005
1670006906.0672073	000001600005000003000000594080060001010004902490180000020406100000053200700008060
1670006907.2004876	060901420003070005000005600009300870050060000070010200000090032407000000000000060
1670006908.3684614	680040000210300000700010098060100007090504080300000005470000250000006040006000004
1670006909.50246	005000000720001000091000056000700000470080002530209700910560400000042005200000003
1670006910.6980443	000005902200000085000908370090602000020830000063000800006000000405300000082057090
1670006912.131045	060900010003400970020700000000000207002001008080005030000000000030006090400100080
1670006913.2315907	000040700002070090040369200300400060420700100561002004000504000007000000900000530
1670006927.0775042	006070030000310000002004700600007008009005400000000000800501040500006900100000300
1670006947.6495068	800340020200000000340700001030009005000160734064000010000003060040000002000250190
1670006960.0369303	008000013003060809000005400407000600010007034060000000086310000000000590170450060
1670006974.7267625	080600000050830900010000700000000200429003001001920070800050090000096810006000057
1670006984.379736	008007000040900060190083500000008010600000040000700300801009270003000000006000405
1670006985.789737	080200009000300006960070001000000000090700200040001008070400500004030800306000000
1670006986.9733205	007803060090100030040000080600200010000000000070300900020700500004020100000084000
1670006988.2893212	920000300050040020000006000000400010300005680000083004680130000004000100019000500
1670006989.188321	008300060470000000300007050009800010000000000003020500000700400094008200005100900
1670006990.1723204	006080400007001080000450000300205100200006090500000040009002010600008003000000000
1670006991.2353277	200060000090001030000040000000004078080030400070200001020005013001700900600300200
1670006992.3993263	205300009030400820048000031020000000004000208169004700007100900000070100000200004
1670006993.4275868	009085000060700000538019004900068000000040105054000060000920701006001430000000000
1670006994.4915874	001900600049000800000003540100409003300000020962370005006000000700106280000000300
1670006995.6765895	001700090000000206004020007050000360030800040060200000008900030040005070000000000
1670006996.7435877	080000000023005600901800000806310070300900062090004038500000700000000040704006090
1670006997.826588	607031004003040200090800000400900078700000000002004000100000000060000040048700106
1670006998.8255877	000700400080500900075300010010020600704000000600080040000000000060800003050090100
1670006999.9235437	000000060000685400764010500400500010680000050000002007001026300000851006050400000
1670007000.9758172	005802040060000080010900020400700090000000000050200100070500300000086000006070900
1670007002.1878164	000000008300000500004300091001046750049000010070005000000400060000081004005000073
1670007003.2558188	030002080706000000002700040020000400000000000040003050040005100000007600160300900
1670007004.308602	080600000050830900010000700000000200429003001001920070800050090000096810006000057
1670007005.3535771	000003027000067000090500083609430000050000000000000250080040000037002090902000060
1670007006.3755717	001007084009010200007504000108309005040170030000000090000000070800030000700082504
1670007007.5611398	000060001030107000000302600003080400040000503089000026017000304060070000094001700
1670007008.676143	501000000040200060600300001060030700080900040000000000058070004000050010030080090
1670007009.7296512	070000032000000700200050090600000000810649007004800003001002000000185000000000560
1670007010.7812452	020001084008600250005027000050000008037000400000304060070000802800003100000210040
1670007011.6858273	000350004030409007500007010100040000200500100096028000000002070060000009008034064
1670007012.756193	340000000050090000000300926000102730030079000704000010420900560005087000000004090
1670007013.8570893	049081000500062000800400601000000000074098500080000092000507020000900704050000069
1670007014.8395996	000057600740006000000000300378005009000060580001020070010040000000800040900600030
1670007015.8571823	040080030509000000300070900000000000010020040030700006051600400000500090070100020
1670007016.8480346	000000000070008005020100900403000000002040009080002006090005700730080100000004300
1670007017.9480336	005802040060000080010900020400700090000000000050200100070500300000086000006070900
1670007019.0830328	500008040000000000060010090800040010300020000005060024900007050003001900000000203
1670007020.1000338	084600001257001600003540000100004050700300000000007490000010002500028070020000100
1670007021.0400386	000006008060050020020007060051009030003080700000705100038600000000503980905800000
1670007022.0140312	000500000000090083000042005000000130026700008080200700304000801060850040000000200
1670007023.0130322	500097200900000010700080030000000000003070020800040005008400100000901000006020040
1670007023.999033	000080070090200130002013945009002700080700690005000000307000029000000000108420000
1670007025.0870311	800005970700020000900040030300800060004050090000000000001060050003002006000000207
1670007026.3940382	470200000000000045001000720500007000302910000000683000000102009734508100200000000
1670007027.415037	000501070007640000000000049100700080745010000000090100300900000420085000501074008
1670007028.3970363	005030009000008060000700000500020010300910600090003200001049000906801005070200004
1670007029.4785724	000003000900080234000254000002070500508000403700000901000045090300006005000000347
1670007031.078575	158060000900004070300800000500270000000030057070000010400001800000090000000400190
1670007032.0895867	080001004000806000100050003002010040500070009000000000050760020800000060900040070
1670007033.2085783	708900400000085000001000020804000672507040000060820000300490107000010000900700084
1670007034.2965739	000850070700092000500000100000069345040000020006030000000000903040003687003900250
1670007035.367575	009000605010000004008076000000000500024300090007090042400100006076000004001005000
1670007036.418304	004038009008000004000070000020000560000000340680200000000040020309720804000801000
1670007037.586243	008960010400005063500004008900031000050600030000800009800000000190003004700218000
1670007038.6372237	680030004034000200000700005508400010042900000100000050020801040000009600000000008
1670007039.7462304	000000080700000000019703020080100004006004000400005300240900800600400105901600207
1670007040.7983804	530200700062700008000080100900500000087040000050190603000920870000800340001070000
1670007041.965377	820000504040000013500804607060030050000209700004001980490000100000070009050000000
1670007042.9743738	005000000002401070304000560000000000000007984800090000000200100090070002018300040
1670007044.235509	080000003060070405304061000500900602000000031007000000000106200208045006006000057
1670007045.8225129	040601050002000010003008060500007080004006003000000000007004009000210000020070008
1670007046.9035542	000008000050000000000573009010000080928700506700005400600001040830060200000080604
1670007048.070225	004002500000030000003009072005006001800100469190004005070400000000760000060020340
1670007049.125225	000060010010000780603090000760000000000000060000080974801920500050073000040001000
1670007050.1382282	800206073006040000005000900010400060007000000000080107479030005000000000008700210
1670007051.407229	060500800000000000200300001400000000100800300002930600500200007004005008000049000
1670007052.490226	000000008703085400920370000050000030004003006000000745602500084000009000000820010
1670007053.6831598	000000000005010200300080009040001002000406000100030007900020800030860500400000600
1670007054.824678	060000900000005680000083250000032070407500060002700000000200801050000000009001300
1670007055.9376779	000006000400157000003204010060000030074920050180700040530002000600000007020040100
1670007056.9922466	080000003060070405304061000500900602000000031007000000000106200208045006006000057
1670007058.0112476	500097200900000010700080030000000000003070020800040005008400100000901000006020040
1670007059.1076837	600080400040030002000000960060900000050700008200100079001800004020050007000000000
1670007060.060666	003007080080900400000603071700300010040801069000050030000100006000000000062090000
1670007061.2526736	701004000040680005065000000370000200000000071000700040006079000407062008010008004
1670007062.2758298	080750300070010060050000020600070030010090008000000000400030090100009200000205000
1670007063.3298743	000000000000000000000000000000000000000000000000000000000000000000000000000000000
1670007064.4061995	130600080046030000020500000000200106090057000800000045000000370000063400000000504
1670007065.3912067	060500800000000000200300001400000000100800300002930600500200007004005008000049000
1670007066.7299137	000100050050040000470052000008004130302009070090300502200060000000005024600031000
1670007067.7939126	010003800005009001820000000001030040006007005000000000000020008003060007602040500
1670007069.008884	007003540000200000030084072090000007010700000700100280105009000960008005300060900
1670007070.020882	130600080046030000020500000000200106090057000800000045000000370000063400000000504
1670007071.0264227	050400700926000005003500000019074008000000002000310070500040913040000000000803250
1670007072.2004144	000000000000000000000000000000000000000000000000000000000000000000000000000000000
1670007073.8100066	000000003900302000680000050100005009500700062004010538340800700001900000050073000
1670007074.8088608	000170082050008000002000070005027800700504060900000000000000040269001730073900600
1670007075.9108737	003050020007000080009370004005060000200030040000000000000807000500006008100040060
1670007077.0450566	000500004000020180005070002000032000200100753000740000670980001001000049049003000
1670007078.0770621	001009006000005004064030002003007080450000000700050010007200001000000000006003090
1670007091.430627	005400700040009200930000000000900003002800006603005001004010002006500800000000000
1670007103.957095	200000800030000060685300970060247000000000000107000002000080500000439607400520100
1670007117.0964234	000006201800000000100200705300010006420700050000000040000002000057030090603509000
1670007133.1814406	743500062050100400000064500960070005000040000400050801500000000320000600009680050
1670007144.2430067	060000300100000429300908000700004006008000005400150000000009010640000250000070900
1670007145.4810045	600080001030700600000010007050038400000040000004000053010003060003900085928100300
1670007146.5240173	001300080000200060806070040260000000007500009050020001000000000008700003005004010
1670007147.552023	600000010800004000040060008000008007030000284102000300406750000045080600008310500
1670007148.5920062	013020006050080000000000304000064001079000050000000700006049015000801900001000400
1670007149.7510111	008300060470000000300007050009800010000000000003020500000700400094008200005100900
1670007150.8680048	008000013003060809000005400407000600010007034060000000086310000000000590170450060
1670007151.8953032	980072530007000000600000000000703080000415000560900070002100090000396210006000700
1670007153.00455	586070000000901600000600000007000000902010305005090000090040008003500060000020470
1670007154.058555	040005060005420000001603504000000700037000010900004350004250000000000076609070005
1670007155.0975518	300028060085060400060000070007000600640801000530072080000157000000000190000300040
1670007156.0623245	108906000903000700052470000000500003010040600000107054800030160400009000031000009
1670007157.214324	400003007080700090005060080010008600600070800802031500000090000020080010340506000
1670007158.2083278	000000000000000000000000000000000000000000000000000000000000000000000000000000000
1670007159.409875	123000080000000209000060700070003060901000300038054000300700001000045006065000073
1670007160.5048745	000000006000400001809500700901200000070000000205060907497010805006008300000674000
1670007161.577874	000900000342000000000005080020304008801702943000000052005090000030006805000080460
1670007162.6663496	000500000000090083000042005000000130026700008080200700304000801060850040000000200
1670007163.860878	000009000300820900480000007008006700007010000091053020000000041000100000060004090
1670007164.9658787	085300000700000020209040083000100008000004930100030040900700000003500009001000700
1670007166.07888	500070980000000000007500003200006000003200000490050830070000001000003429902000000
1670007167.1698806	008003000040680000107250800906300000850020030000001500700060900000409002209000004
1670007168.2668765	905400607000907000420000910508000000000065000000109000006003800000080026800206340
1670007169.2668784	008090400302760000100020008600000020000010000200803000000500807000600004070089005
1670007170.4006894	050080700710900200000040100090060003006400005401000000070090008060002500000000000
1670007171.4676893	501000000040200060600300001060030700080900040000000000058070004000050010030080090
1670007172.5726874	060010020040007905090200083000040000000800000801020000000008700700100098000009032
1670007173.663695	010070300000000000002060080500600800000405000060010900030080070100047020050000040
1670007174.6666903	000000000700300600040800090005003060030400020000051000004180700090600800050000100
1670007175.788689	000000000500090200008300600100400000600800500900003160007200300000000044005004002
1670007177.1206894	010004060080500042000380100002005004070030080030000000090650073700900000005078006
1670007178.1937008	064002008000006030010004050090001200040500080000000000603000000080700090900100003
1670007179.249692	000410800080003000004000156006000200200300004703000010000040000501070098600001000
1670007180.3896897	340000026000006070000300000409030005160500004000700000000683100007905000900020568
1670007181.436689	600010800000203000002006500000000000100040900070060050001430070200000030900050040
1670007182.48769	400070020270000108000000300007005203190000805000000090040002000040090437300004012
1670007183.7597928	000008260000051003060040001300005800000080690204010000549000008002000030800000000
1670007185.0197935	070090060000017000900200080700000001020104003500600004003900006000000000200400050
1670007186.0854948	231800070000300000067190008600730001000209000000000026700000000049400080306071004
1670007187.2864974	002007305800030006000600090703000002091000030000013000006700910300500000070008000
1670007188.2712173	000000720900040001800700040050030008060100502020070000300010005000000000080006004
1670007189.3076077	500000600900540800800001370000089000000750000000300082140800006670020018000005400
1670007190.3773007	000600000006730590083010700040107003000300900900008000000000001009000006700801040
1670007191.7184448	006070030000310000002004700600007008009005400000000000800501040500006900100000300
1670007192.8908067	000300705007000100690057002269000000001060400400900500100000080040831200020009000
1670007194.0018086	000000504700040900200900080030100070060080053050400000100800030000000000070006090
1670007194.9618077	400900860000007200030250000017005029090006000060000070000400500700000900000062400
1670007195.978805	700006003400009000500010704000000000060001007300500008020008001000000940030090080
1670007196.9808295	351600084009801000080040000090010000000000020700020504000050002073004090120000705
1670007197.9268875	085007102004016500000053760000000000000500871400009206008090000000700005190000080
1670007199.125243	000062340006030001049010020000000100002008079700000000027000000603100000000004680
1670007200.2392454	870045020000720000006000070000000605000102000764008000000600300420000000003054100
1670007201.7512555	501090600040000001000003040374650008100200760002008000000070300490080000700000084
1670007202.8912446	013020006050080000000000304000064001079000050000000700006049015000801900001000400
1670007204.0917618	000009000000300402060500307090050020200600000003402100531206000020000000000008070
1670007205.0815394	200080060000000000010070300030840006080010020040000090100007009500060070000904000
1670007206.1248803	050000000003090062000060538900001340000000700030200000000905080500007000109600004
1670007207.1418774	763000001010000029000060040000230000006507000004600030002009300031050400500016200
1670007208.158882	005600040090030002008000130060000000180000050507000900600015000043900000000760004
1670007209.2094216	600900008000000430100040090500800007000000000040002009070500001030400000020080703
1670007210.298346	060010500100005070098004000800000000040000006000003091900302000007508003000100204
1670007211.6602218	800010000030070091200090006000000000007060004300002009000000180080006400400005003
1670007212.7757642	260015070080060000000008560690007002810000000007084000000000050005002904700000000
1670007214.077563	470200000000000045001000720500007000302910000000683000000102009734508100200000000
1670007215.4460363	020010096060400080090500000080002070004100060000000000000000905008050700003700010
1670007216.5163224	000000000090070100005020060007050000003000800006037001040010200050200008000308000
1670007217.7650256	000000000000000000000000000000000000000000000000000000000000000000000000000000000
1670007218.9245293	600050100030090040000000000050030600080000200040580001300009002700010900000208000
1670007220.06201	000000000800007200005001030050019800006000900003002100060700020007005040000960000
1670007222.2212958	070000000080400070000053040009100730700002000000004902500009800004500000103020004
1670007223.9194412	600050030000000000070100090200000050700008009000000804040080000030060070010005340
1670007225.1477213	900003000207090800000002590300006000000050730001000002802000000000080300090735040
1670007226.4349992	003019007120704005000000030000068720070000000200190000004006170000000900800473050
1670007227.7775543	000000000000000000000000000000000000000000000000000000000000000000000000000000000
1670007229.1589143	300060010009180063560004000000000800080031600000007549000490000740008090100050000
1670007230.4719172	100084000000100600000090000400700080300400060501028073000600005007001000000540008
1670007232.1169055	000000803600300400700004050001009060008003000002500084000000000006020040900005010
1670007233.4169188	050000000003090062000060538900001340000000700030200000000905080500007000109600004
1670007234.974403	000001600005000003000000594080060001010004902490180000020406100000053200700008060
1670007236.0166187	680000400700000126000704000900800050051309702403006000000000931107000000040015000
1670007237.2187788	000409000000060000200500040508003004300607009007000036906040010000700000003800500
1670007238.2067776	205300009030400820048000031020000000004000208169004700007100900000070100000200004
1670007239.524572	003004000400000692920060700000000040000507008080090000000306200001052400602000350
1670007240.5665855	000006201800000000100200705300010006420700050000000040000002000057030090603509000
