1669964269.575813	100040090007060000080709300002307010000600000040000002500000800004201030000090000
1669964274.4566994	020060009007402003000080400090203100008000090000006000080109300500000007000040000
1669964277.772676	300000800090006000006020107500400000009010602000000030040100703007000080000030090
1669964281.9105797	001200000064300002000009030900000005100600000056007400023900004500000000000080700
1669964284.0836015	760000400008905020000030000003020000800603007000010060005806090000100000090000002
1669965825.5385485	000503008204060090010000000070000050501006300090010000000200900700000000605040020
1669965828.6797533	700000300005009201090400000002004005600070000000000080000001030200600108008000040
1669965830.4492157	900400000803070010000002700304005008090030000020000040040000000000600005701020080
1669965833.736811	009060000000300010045010006000008200061030005700000000900040000074200500300000007
1669965837.3929856	400012503008070000000000010600000090070020106000001040040300000300005602000000009
1669995838.0934353	730050640040000003000600008000000030800001000040200450000000006080500210009070000
1669995840.351556	005810603090000002000003000500000080008670100000400000007004000200730006000005300
1669995843.0818968	016080530004000000000900080400010000900000300031700006000002007300000000058090600
1669995844.9979074	050009080700003605000060010000000060010030409002007000090040503100900000000000008
1669995847.502232	970004000300700095000000002000900200100000400005006019006080000500400037000000100
1669995849.6706972	902000100040207030000050000080060000001508300000040050004000007070803020000006000
1669995852.0840852	800093021000200000050000060900017003000040000008000900700400000006072010000800002
1669995854.5806298	830200041700000000000009002009000010310005800007300000001000000000060500240900080
1669995856.924163	000005290089020030060000000023050080000400007100000000600090000500000010091007008
1669995859.4180055	100000200006003000300010940007900480000080006400000002050700000000000008600090310
1669995861.701002	206080000000000003100007240400002150000000900020700000000005009001600530300000007
1669995864.35027	100000200006003000300010940007900480000080006400000002050700000000000008600090310
1669995867.5562737	001004080005000007470030060640008009100000000000050800000200030007000000890005006
1669995869.9353547	008600003090000001200004960000000100300070000070800490000000006005002000030400780
1669995872.6293612	201840060000060900005000000000007003806100090040000000090400000050000020402001700
1669995875.093353	065209300080000001000060000006030000050604080000070400000007000002405900900000030
1669995877.7274165	080600000400000900090501080002000007040908050000030000000040030700103005010060000
1669995880.2094119	004008006005200180010000007002000000000000001050007340400700000030004850000000060
1669995883.1734395	400012503008070000000000010600000090070020106000001040040300000300005602000000009
1669995911.0996063	005030000000004070360100800002900000950070080001000500200000000000010003890300600
1669995953.9026039	407600018000050006003000000080000000000002900106500070050000080030400000804090700
1669995973.0100307	800060500009000700100002069000000000001070084200300000000000050080007000004080016
1669995975.1270783	106900000030050028000000400800005000000000007020080013040000500000010700003006044
1669995978.5340362	090807420005000060000020000000000200600201040040030000900000007070104800000003000
1669995980.5690415	610000040050120800000007000070008000500370006000009300001000008000900000020530100
1669995983.5550528	100000080070090340009002000000030008400005630060000002000000006040020790500100000
1669995986.893609	503000070010309800000040000001000009000006000090208300007402080020060000000010400
1669995989.1436043	860000004000010006003500810000000008300040720005009000000000060020400000700020130
1669995991.6011508	600000700040030065001008000060050039400600000000000020800003097000070400090000200
1669995994.0641513	000057008006000000509020070080010000105900003060000050207090080000300400010000000
1669995996.6141527	009040800060508002500030000040000070700205900000300000001000006400709200000080000
1669995998.8981512	003500009080200630000006004040050000000000090005007320100800000000000006004002750
1669996001.3721461	900030000000100500032006080600000090079050800400007000000060003040000000087003020
1669996004.0531507	700002010015600900300050000100000000024070090000008600059040020003000000000700004
1669996006.9411497	090050800803060002040300000000005004608700500900000000030000000507600400000020010
1669996009.5891542	500040000003980200020000007000004000001007000800190006600000050000001000008320700
1669996012.700144	000509006010000000540800090890400060000020300007000000006700000001000050750040002
1669996015.781146	007000406000080000600054100009043050000700300400800000020000090700061500000300000
1669996018.5561485	580060230000700400002000000930080050000006008040000000006000020290004300001090000
1669996021.3661423	400970000097050060200000700000003040002000000075100300013500400900000000000060008
1669996023.8001466	203056900000004010060000000008000000705020300000300009607005004080000700090060000
1669996026.3291461	600000700040030065001008000060050039400600000000000020800003097000070400090000200
1669996028.79768	150000002040800150000050007300060540006200000000000070080009000000000004400020360
1669996031.3106651	000004052600000000905020030000800700203040090040000000501007900060050000040000010
1669996033.8366644	430000060000008000001590700008007000000002300100830004000020000005310900090000007
1669996037.6296623	015804900004050000000020008003409006020000030000005000000080000700000100002603009
1669996040.0356627	050170904006000500000020000008910070000006009040002000060450007300000080000009000
1669996042.676667	070630000000000100003800560040005690006000001000900007200004000000000009007500380
1669996045.0252268	804020106000000080500007000060200000001060304000000009400500803000030090008000020
1669996047.3172293	047013020000060005100000000200001000800000090091030600080000000000400200039007040
1670007545.7274008	017020340020600000000000500000000001900008000003060270001000006300900410000040005
1670007546.868256	020008500040030000503009070000800040905060800200000000000007001030000000806090400
1670007547.8832514	300000140001084050000060000000300020004600000900042008000200000070000009003015080
1670007548.9589927	000000000000000000000000000000000000000000000000000000000000000000000000000000000
1670007550.0569975	702000080050240001000006000040310002005000400000090000000005006008630010030009000
1670007551.3983643	500908000089100004300000900800000000000400020067001500000070005003000000091006700
1670007552.5267055	200085000008009506000000003700600405000004020005000030010700000000000040002006908
1670007554.0068629	450000900000030000010065040000300050006052700020900000000200000060041090007000008
1670007555.3978574	050000020006400130400090000000100002008000009030070810003900640000000008070005000
1670007556.4213004	040019076800000003000600000090027010004000900000005000003062007020500000000400060
1670007557.7147055	150000002040800150000050007300060540006200000000000070080009000000000004400020360
1670007559.0965726	001620057000000009040100000000060400030007065005000900000000600800003000004070024
1670007560.3546064	030500000100802090009000400800901040000070000060000003700040000080207600000050020
1670007561.811576	410006000090070501000000020000080030900400208020000070050010809001700000000000003
1670007563.0814433	900000010300900086002003000070050000200800039000000400005080064000400200600000100
1670007564.3008885	900000003008700000060040290090020540000000010600009000050000001700400350000030006
1670007565.410898	007005003009060000360008200006000000510080009000002040000500900830010005700000000
1670007566.7219234	065209300080000001000060000006030000050604080000070400000007000002405900900000030
1670007567.962522	706903004030080000000020090004000100000030000060507080500000008000200000070609050
1670007569.2021909	030570490008000100000004000000020000070690050300000007100460900060002000000003040
1670007570.330061	010000008020030000006400190000500007008000004060002850000000070001900560900004000
1670007571.7722964	800000040300800560002003000500000004007060950000900002200600830000000009010070000
1670007572.8472958	080006200500870300000004070040210030009000500000007000000600000020380010400000002
1670007574.189677	970004000300700095000000002000900200100000400005006019006080000500400037000000100
1670007575.6188705	901005480000200070080000000406009100300000000000050009608070040050000800030006000
1670007576.9820561	250000004000050009080300250000000002030007000800040160100060580000000090006400000
1670007578.0351634	000000000000000000000000000000000000000000000000000000000000000000000000000000000
1670007579.453831	100040500060000200900300046070010094001200000000000050090020017300008000000000600
1670007581.210949	302106900080000002070030000008000000206010004000400700104060007000009050030000000
1670007582.2869334	070002008005004970000900006000000080006020000020100740300005000060400120000000009
1670007583.4151678	005800100007016003060400000500000004020071500000080000070052400003000090000600000
1670007584.5128415	310000020006109005000080000020804050004070000000060008060000900009405004000007000
1670007585.6783273	015804900004050000000020008003409006020000030000005000000080000700000100002603009
1670007587.1952286	702000080050240001000006000040310002005000400000090000000005006008630010030009000
1670007588.3892124	709080502000000004800600000000000070010003000002060908000050040007000060020100705
1670007589.490161	900000010300900086002003000070050000200800039000000400005080064000400200600000100
1670007590.8965423	053208006060000040000007000800502090005040000000070002900000100000050000008306004
1670007591.939519	008004002050001000700250030400000600060530008000010000009000070040860003000002000
1670007593.04923	800012904060007000000000020007001502000020080500000030900040105008900000000000300
1670007594.7314384	170002095400000000000080020250008001000300600009000000790060100008000009004007000
1670007595.9912286	406000008500003640000400007005800120300090000000000006020008000001200450000000070
1670007597.030222	002003000000004007130080050009000060620008400005020000860030010900000000000100500
1670007598.3849032	430506900090000008000002000007000010000030000600409800000020500006305007300080000
1670007599.493655	300100020400090000092600800900000000051060040000800007000001400003000000026050010
1670007600.773873	040019076800000003000600000090027010004000900000005000003062007020500000000400060
1670007602.2663455	700090000500000080030701200000060400090020000300904005070403100001000002000006000
1670007603.356856	730800120090040000000000003100200570000000060002008000070009350000500006300000008
1670007604.7376685	108090000000000700040003056070000300000001200004800074600300000000000002050006014
1670007606.0422156	820501070700000400000006000003000009000080000040207040000060050080040000001805300
1670007607.136443	010000008020030000006400190000500007008000004060002850000000070001900560900004000
1670007608.413347	005900400600053800000200003000000000200000040004085004002041008070000600000300000
1670007609.572821	004003020008010000210007900000009005360070080001000000720060030400000000000300800
1670007610.8042347	902000100040207030000050000080060000001508300000040050004000007070803020000006000
1670007612.5087948	406700085080000900000050100300900000000000001040030056060090043000000800007002000
1670007613.7628012	040075906000600000300000002050019700004000050000008000002061009040800000000400600
1670007614.85565	200800070090000030100004908000000090400050000040300602000000007060200804002003000
1670007616.4375405	809407001000030070400080000500104020003000500000800000300502010000070000060000009
1670007617.644279	000008320060000000340200500006300000130009004008000100000070009001000000520800400
1670007618.8599353	090002000000700080054030700600000000000001002073050800900000400800060000046005010
1670007620.3246615	008600003090000001200004960000000100300070000070800490000000006005002000030400780
1670007621.5112555	008600000000020004360001090590006030070000000000100600850400009001000080007005000
1670007622.9415395	060470000407300005020000400200000000304010900000009006000500080901030600070000000
1670007624.194071	004013065700000020000600000003005001000008000040000300000400006009800000020069050
1670007625.280287	000401030107080002050000000080000005509003020060090000902070001006000000000008700
1670007626.3888686	056900074000010008400000000900000040200300000043008007000009600002000000037600050
1670007628.080294	000043002050000000704600100080900000060000500905020004800000000000060070109700400
1670007629.0972548	061003270000000800030090000000007008006000009200040760400500000002009310000000006
1670007630.1802506	902000100040207030000050000080060000001508300000040050004000007070803020000006000
1670007631.1662505	009705021060009000000000030000000500006200097400080000000500600080020015001000300
1670007632.1312518	065209300080000001000060000006030000050604080000070400000007000002405900900000030
1670007633.281251	067000100002307006000400000009010000300709500000040007003602001500000080000090000
1670007634.3192518	900004000005000060070012005000800000300000900020075006200081030000400004080600000
1670007635.3962514	007401029800000007000003000050000600008207010000090000004030000000080090600904100
1670007636.3892543	070001005040520060002003000000100000008450007700000030000002000004780003060000900
1670007637.534251	090060100030201004200080000500103000000006000009000008300509800040000070000020000
1670007638.825263	000207004900000000082600100000020010036800200005000000500000300100900000093006070
1670007640.0501375	201840060000060900005000000000007003806100090040000000090400000050000020402001700
1670007641.2981372	000008320060000000340200500006300000130009004008000100000070009001000000520800400
1670007642.45628	900000010300900086002003000070050000200800039000000400005080064000400200600000100
1670007643.5947437	200700000650090008000003900007000000000400010980030006002050000570001060003000007
1670007644.6434495	040075906000600000300000002050019700004000050000008000002061009040800000000400600
1670007645.6182694	080004050060200000502070100006000000201900040000080009000003700409800010050000000
1670007646.6465962	200001000030094060005000300090100000000500020007029004050063040800000007000200000
1670007647.8173313	706802004000050020080010000000080000004000300060709010900000001070206090000005000
1670007648.9398046	000700406009000000608040001306200080090060000070000003000005020030000000104070008
1670007650.041674	003006000640010700000500008002000000001000300930008007790060400000001060200000000
1670007651.0336876	000870004170090030005000000006000020520900800003050000290010070060000000000007300
1670007652.2868202	003007002001500790090000004000000009010004360005080000300400000000000200060003170
1670007653.635772	804020106000000080500007000060200000001060304000000009400500803000030090008000020
1670007654.7949953	070530106002000007000080000050008000004650030000002600000006000900000040020170300
1670007656.1199498	900200000005000080060094001070300000000600002800072010090017004000030000600000900
1670007657.6363912	001000360000020000300056080000900000040000007100038050000100090007069005600200000
1670007659.254661	800010000002560400030000002700000090000008000003420600090850060005001000000003800
1670007660.5216994	310700208900050000000000030002007000080200106000000400100009603030000070000600040
1670007661.5893848	070000010003002069200800000060500094000009100004000800006008023050070000000000400
1670007662.8537297	000043002050000000704600100080900000060000500905020001800000000000060070109700400
1670007663.8616242	008060000000007030610500200400000000000050006290600100980030020004900000005000800
1670007665.2352679	004050001006000030530700008120060080003000000000009007400000000850010020000600100
1670007666.3392549	920000005003078400000600000000100900006400000030096020700000040008039700000010000
1670007667.4392676	470800690000030100006000000560001000008000060002500000950400070000008004200000000
1670007668.5952554	702045080001000000000080600040000000000300009508002060010000070407200300060004000
1670007669.963274	108530600020001000040000008805003009004000000000090200309005002000600070010000000
1670007671.025994	940000200000800000003095060005076090300000005000001000007100000200087600000300080
1670007672.3884108	980000002000700000003094500001600000200071005000300700300000040004015900000006000
1670007673.8096156	800700000030098020400000500300017004000600010070200000009000002000060000080031090
1670007674.8588514	004003020008010000210007900000009005360070080001000000720060030400000000000300800
1670007676.0637774	080003000001000200700609001000030006090506400500020000000050000900701002040000080
1670007677.04978	800000004500080017020500000006009000200070085000000300000030200100000400090007034
1670007678.1817784	903080000060100730000000004000400006008010540050000002070300150006007000000000200
1670007679.2607782	070001005040520060002003000000100000008450007700000030000002000004780003060000900
1670007680.4543726	000043002050000000704600100080900000060000500905020001800000000000060070109700400
1670007681.6612403	075090308000000100009004000000000050030040907200600000000080010300002805050000040
1670007682.828474	980000002000700000003094500001600000200071005000300700300000040004015900000006000
1670007683.9645596	900010007002500810080000004000000001070050390600200000007003000030090580000000400
1670007685.1484213	906008051000000003800200000000005300009000200040400095040070000000000900001002068
1670007686.2304225	000000000000000000000000000000000000000000000000000000000000000000000000000000000
1670007687.313423	004007300009800000380010020000006010003000000750400200000040005090000000820500700
1670007688.68943	400090000610700080000008500004000010005200000120060300000030009002000000870600050
1670007689.918464	570401060001090000000080400600000002005307900000010000007504300000800000030000090
1670007691.246285	030007000000060100807500090304001000020400000050000030002000000409700080000005007
1670007692.8094795	000000000000000000000000000000000000000000000000000000000000000000000000000000000
1670007694.2323594	905070308080000000000002006304000500000700090100000000070000800408600003010040000
1670007695.4328594	083590700000700002001000000058003006100000800200050000097030200500000000000006040
1670007696.6285608	002017045060000002000030000000500000006024010800000900000600050090075100007300000
1670007697.8171446	009005200350060100007000030090000000510002080000070002003000000000400600820007010
1670007698.834151	000820600500000000380700002006400000840003900005000008004000000270300006000009010
1670007700.0879884	083090750500000002000700006300100870000000600001020000000000005800200130090004000
1670007701.345817	820500360000009050700000000006000000530900800000040001007200000260001008009000600
1670007702.5404885	500908000089100004300000900800000000000400020067001500000070005003000000091006700
1670007703.6699564	008040000100000060090807300006204030000090400020050000080302700000500000009000008
1670007704.8572724	100000200006003000300010940007900480000080006400000002050700000000000008600090310
1670007706.2086601	006300000000040001507001080801004070000200900030000000305090700060005000040000030
1670007707.4044292	400090000610700080000008500004000010005200000120060300000030009002000000870600050
1670007708.5931807	020010080006000030400500601070400000000000010008050902000000300800009000009020506
1670007709.8421652	003007002001500790090000004000000009010004360005080000300400000000000200060003170
1670007710.9048083	100500600020700000008026003900000008000600000050041300005000040040032100000070000
1670007711.9883182	705006018000000004006020000030900000000000500800002076080030051500000200000001400
1670007713.15688	030002100801006070050080000000007009402060500080000000000200050106040200003000000
1670007714.5035362	190007000000000060005400308050000106006000040000100020000000200300040000008300504
1670007715.6084375	030002100801006070050080000000007009402060500080000000000200050106040200003000000
1670007716.8549817	820501070700000400000006000003000009000080000040207040000060050080040000001805300
1670007717.9440305	830000009000050000006407200005020000000010300600305080000100000040000020007603400
1670007719.2401638	970000080300059600000400000000200100400600000030041007000002000500013900009000006
1670007720.702168	950013800001050000007000009240070008000600300009000000580040002040000000000007040
1670007721.7702823	900300000205001600000060040000700003601002400080000000090000500040008000508200070
1670007722.972033	860040000005602007000080020007000100050309040000060000900000004030205090000008000
1670007724.1206656	001004800003280005020006000005000070030910600000002000090830100100000006000040000
1670007725.3716936	210405030000060500004090000000006000080000090001502800300000007000040000002108900
1670007726.5930083	007005003009060000360008200006000000510080009000002040000500900830010005700000000
1670007727.719022	000700406009000000608040001306200080090060000070000003000005020030000000104070008
1670007729.0226712	040019806300000700000800000004000090000002000090056001050200000000400008007085600
1670007730.4441347	030020006080106050100090000000010000050000400800703009700608003000002000003000090
1670007731.5059488	930001000000000050007040806005000040700900503000030020000000002060400000008060307
1670007732.742481	400970000097050060200000700000003040002000000075100300013500400900000000000060008
1670007733.903838	008050000020108090400000600000007000080309010002000008000020050006503900030070000
1670007735.306301	700010000060000090008240006400520030000001002005009000004860009000005000300000700
1670007736.4274309	020804097300200000000000010030009024000000800005060000070000100000008300600090078
1670007737.5279536	900020000006000080030901007800502070050040000000030002090705001300000900000400000
1670007738.65998	002100060560300007008005000000010008630009010020000000000700400940003080005000000
1670007739.894985	500000230030402100000700000020070000000050600800206004009000008050301400000060000
1670007741.5599916	200001000030094060005000300090100000000500020007029004050063040800000007000200000
1670007742.7606978	908000070000002000010930400700250040000001200050006000030540900000060000100000003
1670007743.9926696	900030000000100500032006080600000090079050800400007000000060003040000000087003020
1670007745.6464279	950013800001050000007000009240070008000600300009000000580040002040000000000007040
1670007747.1797018	007605940000000006800100000000000200070090000009004530010500360000006007003000002
1670007748.3178566	600000700040030065001008000060050039400600000000000020800003097000070400090000200
1670007749.6958368	300100020400090000092600800900000000051060040000800007000001400003000000026050010
1670007750.9143994	004009050700000010008200709600004008040100000000000005002030000800001604000000070
1670007752.2772388	090060100030201004200080000500103000000006000009000008300509800040000070000020000
1670007753.4943006	400970000097050060200000700000003040002000000075100300013500400900000000000060008
1670007754.7100868	007020006500030000009506100000050000900407003001000080400609007000002000070000300
1670007756.0005832	200008000007000090900405002700209005060000300000010000003104500400080000000070004
1670007757.0545995	900300000205001600000060040000700003601002400080000000090000500040008000508200070
1670007758.287088	080600090000500100004018020700000040000100000050039200090082300005000009000006000
1670007759.4972725	510070000000000800040200091000300600080000200400005083090100034000000006001002000
1670007760.796286	800900030070400508000005060600004109002700000000000050000000003060090000900001804
1670007761.9950497	082000007000005000600920300100004000000006500007150003006000090000400000900310200
1670007763.2532556	900200000005000080060094001070300000000600002800072010090017004000030000600000900
1670007764.5346496	050010000008000020600905007300040000020103070000060001500307009000004000060000500
1670007765.6537628	820500360000009050700000000006000000530900800000040004007200000260001008009000600
1670007767.02631	900400000803070010000002700304005008090030000020000040040000000000600005701020080
1670007768.2702944	800060000046700090000030500000004009020000000071600040200000010048070003900800000
1670007769.457606	008093072000000300010006000004000500000030800600009043007020094800700000000000050
1670007770.7021587	050037690000002000800000500000600000004000001080095070100063007030200000000800060
1670007771.958301	700002010015600900300050000100000000024070090000008600059040020003000000000700004
1670007773.3469994	206080000000000003100007240400002150000000900020700000000005009001600530300000007
1670007775.0667038	005300020900400105000010070000000010080900000007040603003060504000000002700003000
1670007776.2018335	900050060053700080400000003090000000085060001000400600061040008000002070300000000
1670007777.411716	400000018001078002000030000000600000004012007050000900000400006008300000900086700
1670007778.6013887	860010000300608009000020080004000001070803040000002000900000500030704010000060000
1670007779.93731	000240003060000000450010020840005009003080000006000040008000000000009700120050030
1670007781.0653238	000390005028006100400000000063008200070000000000200010700000300100004000034060090
1670007782.3713107	080600090000500100004018020700000040000100000050039200090082300005000009000006000
1670007783.624419	800000070006010053040600000000080400003000700020005038000000800004050064900002000
1670007784.742427	503004062000090004008000000080005000090000020205070300604009030000100700020000000
1670007785.9075096	900400000803070010000002700304005008090030000020000040040000000000600005701020080
1670007787.1087713	600100000009056008030000040006078005000002000900000600000900001400017080007200000
1670007788.2332778	007020006500030000009506100000050000900407003001000080400609007000002000070000300
1670007789.527419	030180054000004000700000009080250010000060000003000800020006000000003040009420005
1670007790.684197	007006010040000090800050604010005702000000060003080000020007405100200000000000009
1670007791.788	003006000640010700000500008002000000001000300930008007790060400000001060200000000
1670007793.1162062	607180300000030002005000000020800000050000600806007004000004090080000000103700200
1670007794.4771612	089370040300000000000100200000008004076090080050000000500000060400030000063700004
1670007795.7242694	080600090000500100004018020700000040000100000050039200090082300005000009000006000
1670007796.927056	000503008204060090010000000070000050501006300090010000000200900700000000605040020
1670007798.2080846	030500000100802090009000400800901040000070000060000003700040000080207600000050020
1670007799.5480988	009001070000400060500002904030005000006200108000000040000000700600010000001800209
1670007800.667146	005800100007016003060400000500000004020071500000080000070052400003000090000600000
1670007801.6740036	090002000000700080054030700600000000000001002073050800900000400800060000046005010
1670007802.9935713	400000092000003000090207001000060000008000500040109007000040006500602700020030000
1670007804.6105707	020008500040030000503009070000800040905060800200000000000007001030000000806090400
1670007805.9585695	500002800000007004006540300700800003010000600000004000800350009007000080000200000
1670007806.944569	800030400009000600500700039000000040080600000001080053000000900005060084700002000
1670007807.9557185	000820600500000000380700002006400000840003900005000008004000000270300006000009010
1670007809.0637138	050900000200000400001608020000030000070000005006201040000090080003040000060803700
1670007810.3287163	090100000106008700000500030000060007002000000408001600020000400070009000904800005
1670007811.7607155	002100060560300007008005000000010008630009010020000000000700400940003080005000000
1670007812.7823186	060470000407300005020000400200000000304010900000009006000500080901030600070000000
1670007813.9477673	020060009007402003000080400090203100008000090000006000080109300500000007000040000
1670007815.1947684	047013020000060005100000000200001000800000090091030600080000000000400200039007040
1670007816.9037886	940000200000800000003095060005076090300000005000001000007100000200087600000300080
1670007818.0410366	804200150300009000000000008050020000000000060001500740008000002400030870000700006
1670007819.7355797	009005200350060100007000030090000000510002080000070002003000000000400600820007010
1670007821.08362	430100000000000050070040360020000001000030005006800230008009000000000002060010740
1670007822.2451725	708060021000200400001000800000000200030070000004600059000000008400009000009500016
1670007823.4307544	000401030107080002050000000080000005509003020060090000902070001006000000000008700
1670007824.4800344	030000260002601090000007000000030040006070000050406004003902010800000005000040000
1670007825.61703	080600000400000900090501080002000007040908050000030000000040030700103005010060000
1670007827.0282295	900050060053700080400000003090000000085060001000400600061040008000002070300000000
1670007828.0969532	200085000008009506000000003700600405000004020005000030010700000000000040002006908
1670007829.4352548	700010000060000090008240006400520030000001002005009000004860009000005000300000700
1670007830.6379638	040700000001230080800000009000005000060000400002810090005009000000007030020350006
1670007831.8992326	980000400000500000006017002600085090005200000000300008000030000040000020007068004
1670007832.9541917	804760100060000000000020009000008010705400800300000000010600000506070020030000500
1670007834.3810327	010050000000080006905300020020100000701030800040000070400000000000009200307500090
1670007835.7548883	430000060000008000001590700008007000000002300100830004000020000005310900090000007
1670007836.9834776	008600000000020004360001090590006030070000000000100600850400009001000080007005000
1670007838.1037815	103004087000900060080000000002000000507003001000040300040000008805060070020005000
1670007839.4125218	002090000390600040000050008007000010004200000120060500700000000000003400610900030
1670007840.8374596	007605940000000006800100000000000200070090000009004530010500360000006007003000002
