1669964205.368998	904200001200080009600000007000000400000039018100008000378540002420006000060892300
1669964210.406551	000000700705000900000975431900041007050807640070020000040000069160430000000062304
1669964214.1027417	300108060026040800001000400508007001000095700079230000900000506204000100600500020
1669964216.6231368	900070005108409760007060000400800100001040000005100280090257030802010000003900000
1669964220.0730178	070400902009700180060900304004000001200831600600000020800050400000000208000204053
1669965737.9208348	900830100001500000006017028000169384160000090000000010000250840008000902302408000
1669965752.2519457	000015700000000600000063249810306000604000080000200016005000000940801520700000103
1669965760.6184294	004060030001300090830129700040200001600500349100700006310608000700000000000007003
1669965777.1100936	680040000003005420200700000706008000005020870090000006400586002160007098500900000
1669965781.2044568	000300205360501000059000360804700053031002400090400000000074020000000040247000136
1669995397.5857952	510000080000185347000000050004000208000602034702043000005006000800704005001590420
1669995400.1957037	050000000972541000010000450103000007000207093720380000000800005037056004500790010
1669995402.714086	007031506040600032006000090760004000000283467000006000021000380000308019003410000
1669995404.434395	003040000250003107607100000038000000002008730400012085005700006006009800091020000
1669995407.2237587	001000000652000341003041000930200000026000079000905206010003052209400810000100007
1669995409.0846097	700000000459000728200087000000609540062400000504000603007002409640800017000700300
1669995411.9369013	000000009000930006963000758029003084807600900100009000401000805580704000000008640
1669995414.6657941	030000070609050030800000000060378410300000008185429000008740000000100200000032057
1669995416.914586	000025034430000120702040000543000897090000000070809000900007540024080906000090010
1669995419.5003748	807000906000700001205001400470010068000680300608050090000009000046000009000102730
1669995420.7863762	000072005275000481000000002026700109300200000180005020000100950930000014401908000
1669995422.7188456	500904000040000800007010000902378005300500008000000063006000100208045090750090280
1669995425.0687943	000010000000389261061020000600850710100000004002001098800502000509000803000038045
1669995428.3311477	000080007000470096003000200002008005810040000030601900300000670060500004200163049
1669995430.7253916	000025034430000120702040000543000897090000000070809000900007540024080906000090010
1669995433.7625515	070100000000598030005060210090256400600040000040000920019400560000003090780000002
1669995436.6045208	050060080009001207200400610030000001600040378000600420940517000000900000073000006
1669995439.0028508	402000080600700910000006200000060038000895002005001079290000305001000006700650090
1669995441.7435384	010905000000140570350000401000080000000314869806090000900800130080000700060051082
1669995444.261503	000005420245718000000002000360801000000530008108000073029083004600000002870200050
1669995446.9070244	700500003900800007130600090690007300810000005000004010060005700001063009473008000
1669995449.4415402	008000500063000009415009070000130080800900207000000600050600830000810000204307190
1669995452.1466725	000310079702000130100047000000123458085400000000500000004050012800701605500000090
1669995454.7429235	260104000000000500080007029600500032000963040307842100008090600035000000000000207
1669995457.0019193	020000740570004000940007830001062084060301050007400000000100000040073000004200560
1669995460.0932515	000000218080000096006040700020000009800006030063490007009000180000200304730050960
1669995462.5686696	340100900700003000800000070003004008600000002250300190009201680060090730500007200
1669995464.9303381	008003007042807000100020600080700032000012090040300060900035071000000049400001200
1669995467.1460667	000903520073052000005000103000418752000000080480000010010705800008009000004860035
1669995469.499168	040020000000800007820060004060030001000050800085209300496302000200400009700900408
1669995471.5814295	051270004069100000000940060000003005040000080000080016002504700000009050805360240
1669995474.4509714	860000700000270690702604000300709080076013500000400300927385000008000035003000000
1669995476.841874	002008500380700000050001020510003006030500008020009750100000060600940005098050070
1669995479.0598729	070906035000800070056403080020008090015340000600000500000000040008700002004019350
1669995481.5524108	300000020405020009012406070297854000000002000000009702603048000840000065000690040
1669995484.075264	600500900801604270000072600000081704004030100050009023000006000060000400000340506
1669995486.4781384	940000701008040090073090080600370014005400007004560009000000200000000138280010000
1669995488.5636508	086427000009600050000000706962000043000250000000300000001000800740098064608000904
1669995490.665653	910420508080000000000080197305000900026040801890000073000130600000500000500064000
1669995493.323048	000946573000030000073050000000004028806000409400805000700480130005003064300000002
1669995495.5390477	507006010000150406601000003000000001000040807700800609070400060900063080105900070
1669995497.7409935	001000000049183207027004003218000040000000000000408096000000070085370420300000064
1669995499.992502	400010080000000003917003050805030000100704000074090002290870045000200000500300706
1669995502.3250608	020600470509700100740009530000508000050040087030000004000000091090000726007020000
1669995504.6602192	910420508080000000000080197305000900026040801890000073000130600000500000500064000
1669995506.9784608	000005009090000610760000008400500093915000007083100500070906000000473000349000200
1669995509.2845156	070304000040000000268000347690030401004007860000040050000098026907060000026000590
1669995511.5924451	109500000000902350530000908060000000010046000253000614000600800095400076600001502
1669995514.2477984	000006010205091407017305960000000050009002703700000090000050070900680000472000006
1669995516.9084353	000263457000500000507400000400050026050000010070802905000320081680000230020048000
1670006429.1187258	090680000080210004000700058100060240000000195000190000260001030450020080000403500
1670006431.269723	400102000100008007000060012005070620006009058090006000900007800080005243054000090
1670006432.927733	000006030809530040030078200003000000178243000002000304920000080081069000000801790
1670006434.3087256	090004603002007000500103400006030001851200000073900200000709100000000000209358060
1670006435.9507384	030020001600008009000304206907000030016000500800010004001005420768000000025000083
1670006437.3277366	003568000007300010000097006470005200100000805000000407020000043040926100890003000
1670006438.9467351	870902000300000607006407008400080310905000000680070400704001000008000260000600074
1670006440.3737228	704000019000003006000001052070009003000500007002730190001056004800040064060090005
1670006441.6487284	704350000083000074000700320057020090190600703008900000000096002269000457000000009
1670006442.913984	000284000000000018000000096380005060000760105006028070040600000005000049631500820
1670006444.0729744	209007000000386972000009000060750000053000860000608504090000400020065019007900603
1670006445.558976	085000000030000160000060000560400000300000680090083200800340000006871345403000890
1670006446.9020398	890031002027000000003020509000406007000000006940700080038060000240000060001370008
1670006448.1880484	061920000270000600000016203007000085005000000136857000000090500602504800050360007
1670006449.376039	000900305040000026650400090000068000009342080380107050000600009890700100400010000
1670006450.607039	000000092000700015060000000230157000540006008001000073006009207700031460089070000
1670006452.0770426	096280070000306120802000900000001000004072350600500007370000690409000800001020000
1670006453.3770432	300000000157940030000003600002051080031060000040280006005090803700000004000034065
1670006455.2080398	640030007501070900000000010004908060080003020000400000400157030208300040750000096
1670006456.5820494	000260000040003500807000100006005302000009470700408000002000000180370249000890604
1670006458.0100396	002008500380700000050001020510003006030500008020009750100000060600940005098050070
1670006459.2570782	100000000935000814800401000000023050590000026082090000010008093209040704000010060
1670006460.5770407	000369548000050000508040000000600701060407000370000960050000100080076025400500603
1670006461.8490412	010000080057000400080702000070040090400670805500098030832500000000006008190004500
1670006463.229038	300000008007830000000190003005000000063400005000500074800000649509013020602080500
1670006465.1970394	900720000000000340250006000038060210000000700000031005706940801045100920090000400
1670006467.0455894	000000807001007000600904000400308060003029180920061004000030406200090053300000008
1670006468.2785878	080003170300000050900470306410000027700048000000207540000721938039800000000300000
1670006469.5055904	685079002210508060704002000000305800850020000003090006008000420000607000100000003
1670006470.7315874	109000000370508060805000009000900000008427003947603000000001040000309700043050800
1670006472.0026035	600030750020040016000072000000010003180060024000900065700004001000000040400157038
1670006473.4464622	002500496100000003000963008900006001050018040643000020070004900020030005000009300
1670006474.632469	000003700000010040310000060904000006000590000830760900043800629600300058000200370
1670006476.0994616	640030007501070900000000010004908060080003020000400000400157030208300040750000096
1670006477.6304588	302000000475900200010804050003050007027001009804002030000000060209073085000090000
1670006479.0914683	002001048000200090470300602010032000020000000548000123000708450054000079701400000
1670006481.0914626	002490000590100700700500200003040100000900500005000342001004900049062050006000073
1670006482.368258	048000019210480000000031080753804000000300705000500000020000050980050003506108070
1670006484.4842556	702004150000005008050060032920000087067002000000037209239000645500000000600450000
1670006485.8790145	900000083000082409870940000030007005500020000600105890056000300000356947000000500
1670006487.9590166	000007090009034006420190080206000040000405023054072000090000000060000809543689000
1670006489.3860047	290000706063029000000650002108206004027080500030000008584972000000005840000008000
1670006490.7920249	000000000000000000000000000000000000000000000000000000000000000000000000000000000
1670006492.033005	000009603000000900600801057906010308340920000050060000460000000280300040005004106
1670006493.3340073	000300680027060000000000254102000000598704100000019530071000000000050020256400090
1670006494.5933068	001040006035100080060800057500000070600200031800010549906300010000409000007060000
1670006495.8522997	061000200000162754000000100600019370002740001100800000700000032000380507304507000
1670006497.1033158	390420005000000040405003700000030006010508400003060010000871020672300100000000304
1670006498.3543007	147000652600250000500000000086001000000078140401000083005060017840002905000005030
1670006499.6303208	067090004140800750002400000000700509025000037703560000984000376000048090000000040
1670006500.9373007	840000120000209084052400000000600010204700603060005940500076000600000000498000765
1670006502.610308	000005710580301000014000508053700000209006051040009000000960007796000385000000009
1670006504.0953133	984000031007000009010504800006048000045060008030000006000401900009730000560002300
1670006505.3133163	060040800800720309400000006700100090008070002090500004006000000004007015109204680
1670006506.8604188	000080900056000407709004600500470030000100098920508000000040000085006000307090250
1670006508.2894056	035800920206094050080260470000020600000580700308700009090000000000001302000000190
1670006509.5264072	060100000004090002000000000658427000030900060900083500000800430740256900501009000
1670006510.858405	600030750020040016000072000000010003180060024000900065700004001000000040400157038
1670006512.1554058	102490008000026000764000000020931000015078030680200000070050092000060000006000307
1670006513.4204047	058002400700000100091004030000000340805039020007026800004100607000063004006000010
1670006515.8554056	197000600060013400000080010801720000403000006000045874005400100704000008010000060
1670006517.0594058	000984000460000800200603040020000006900002050070090080002078415840020060030500000
1670006518.6266332	000600001026100000890070050600203005010060020050790000079500002000037590500000064
1670006520.1391125	007560010603090000000040007300800720000920040250400001000080009090034162060000500
1670006521.5351133	000000000000000000000000000000000000000000000000000000000000000000000000000000000
1670006522.7521095	060040800800720309400000006700100090008070002090500004006000000004007015109204680
1670006524.149553	050406000000200000084703600002031498800000025549000000760100042005060000900000050
1670006525.5075498	015060009020000060306401070042810000000094010180000045000900706000600000967158000
1670006526.8605485	800000900050010430009002805032400608000020003000000091007900580940600300080040070
1670006529.0145555	050490607100026090090008000000159326000000009905000001000087063270603000060000710
1670006530.1635504	000501002250040800003007000000000000000053084000000006300962015420080703061300008
1670006531.4915507	803007000000603701710000023080540000050000000671000845037004950500800067000005002
1670006533.3265512	006102400400500006910700083200905070000000001000080240629870300008300000070200000
1670006534.4425638	000000002002098430470030500013400005007000000050683791000049000001000370000801009
1670006535.88157	067090004140800750002400000000700509025000037703560000984000376000048090000000040
1670006537.791569	290045801080026300040890006008003007432000000040000600005070000000002008100530004
1670006538.9075193	030009450508600301000300070052000780890500000000804025245000639009063000003000000
1670006540.3635035	000000008087000009000987625090052080800030000700408501120560000000013056500000190
1670006541.8555107	900706000010490020050300900070154009400000081560000070040060000002500004096002050
1670006543.6825025	020000000050006040400800250007250603040000000068903427704160008040030000605000000
1670006545.016501	700900010249000000000004829100000005000609030004500206300000751070010093900050080
1670006546.3665006	080906000790000048000048190000030000305060000000487536050890302600003780030000010
1670006547.674095	030904000040082090096000200000000010009800760500743000250000031080005002003008540
1670006549.1110916	000409072950007000072000609080500407000008006709003810005830000247000358008000000
1670006550.4000916	962370050005029000000000000040007013800010590000984600000000000753000208010740060
1670006551.5640957	000000000000000000000000000000000000000000000000000000000000000000000000000000000
1670006552.9071016	004080050010005000350000200000004600900027000008103540073001008500209000200708400
1670006554.2983408	005002097704000020000064000060020001302915000097080000006801050800000700470006010
1670006555.644955	000017604490000071700402000000179523000030000035020000300000006020003907500740380
1670006556.9209516	006000000218005000050006804040057000807003000000904002902078140180429070000000000
1670006558.0369542	003206800051000720000870045060000003000000050040010600005132000700500100210004008
1670006559.311954	057100000000348751000500000940000083000830690300019000500000060700903502010050430
1670006560.5569663	017230000430000071000070360040050000270600050509080703000000005856000127000508006
1670006561.779953	030900000640000083020010950090800710208040009000190420085000006070500000060008004
1670006563.2039514	040008102650032009001760000010000720062070040000056800070080050300000080006420000
1670006564.4649534	000590000050800049084027000032070000090008000005309008020736100000001000060980074
1670006565.639953	863951000090000501010000000026410050000007010100086009630072000902000060000603028
1670006566.9889545	090000000210000057753200061007000136000810070500020009000400703000706000004080010
1670006568.2059534	200090050360740208000800406001078002036400100080060000020000000090000807003057040
1670006569.5119722	050000420620000000003920500000670080400801000078040600004007800100090005537204000
1670006570.8229556	079080000008010064060000500687302005913000000004007000300000000090070256700850000
1670006572.0239534	800504013100000600002010570407000005500420000000059460081002000000975182000001000
1670006573.7719514	904200001200080009600000007000000400000039018100008000378540002420006000060892300
1670006574.9909544	002410000085760009370900000400050030010096005000284100007500003000600000009001207
1670006576.3409512	000070900706000001890250000010400068250600097007900040000030000102000730530004200
1670006577.555954	010800009984000600000600030830000100000200096090750280400180000370902000001000920
1670006578.9589543	000300680027060000000000254102000000598704100000019530071000000000050020256400090
1670006580.3419523	000360005000000003536000479012000007970401000000009510020003000094500300803006094
1670006581.5079534	000503400065014000401000590378149000000030087000080000094008030006000800280450700
1670006582.8879523	000007650080000400004080007079102000000060029100590000720049500000000206891000703
1670006584.2269518	070900400065000908000180000200406150040008306000003000400500072700040004306000509
1670006585.6399949	200410007080700002000900050007200609010006500000000080005602490006800025700540060
1670006586.9439967	007650908108209760020000010500000072000003500690500030400380007001000300700000004
1670006588.1169977	200007500065010004700050000000006003600000078074001000000400001437000095902538000
1670006589.6259992	000000070105036409074900500000005800010300005700008100640000007030620084000590003
1670006590.9840293	000100000000002915000060420500920000670850049180003006000000130006734008800000700
1670006592.6598392	100960040043000020000037100010004780004000000006070450000001835090740000000058970
1670006594.0698416	085000400730009100200406000190368200000090007000040010000100305800004020070005890
1670006595.390842	048000019210480000000031080753804000000300705000500000020000050980050003506108070
1670006596.7268386	004600051007810000600000000000070006000360028196000503308401002000000010560900700
1670006598.0378518	807040100091002083600001000000000001142000758000210004580073000000008430306000805
1670006599.9578378	907000000002006950050030472805000020074000500100000700090403007081207004040900000
1670006601.2488403	010000000250107600000340900800470000720850394000020010079005003000700009500009040
1670006602.4488413	910000000680005340000000100070002085530004210002598030305070006000340800000000400
1670006603.8148398	078045000000820400405000830034060020007000600160408900000006000000002069296534000
1670006605.6328397	006000000200507300003600084040752030807000540000009000962000005100024063070000020
1670006607.0058453	640050032000003005300002196100070000064000007780000000000010070007029060018000429
1670006608.7978404	008000030000030000700100004640057300001900702000600050062378005080009003004060208
1670006610.1538508	600380002003000049802050000006045003100070004040290005005800961000030000009007300
1670006611.2618542	008160000000805906036000085000004000240001000000358214010400308004000009002086470
1670006612.692845	030400060000910000205080097097032005503004000100598730060300000004071000000000400
1670006613.8808424	000000000000000000000000000000000000000000000000000000000000000000000000000000000
1670006615.2598474	060007093040005860000080500026001000073006901000049070000000058000000612605100009
1670006616.7218494	090650000000092601760000290408005000000279458000004000040000100080906034500040907
1670006617.899838	859000700406000010200097080700901068001078040000000090000354000000060000025010403
1670006619.2198396	005000090008042605300500021000050000000127358580030000000270049104000270002304000
1670006620.4998388	000300050500870400086051090005000000728594000004000509000208760802630000460000080
1670006621.6848407	613040000050801000900070500020003000561020004308000000832050490045300010000004000
1670006623.0988376	020040810000620304000198005000004120700200509009005000068000070342080000000050008
1670006624.272846	051090026900817000400000001060402010300001000007038204000000470030500100000700530
1670006625.59684	490802501000700000000000800002370100005009037004001200500000026049000308807600400
1670006626.9698396	680000000004600008010000760500100027190024083040000000020405001800270009003080050
1670006628.2038388	906801040000309000400006000000000008734500002600000000500407013000915600197600200
1670006629.4598556	008090050490107023050200009000008500100060402000010007531602040040000000007000630
1670006630.629852	004000020005000003060308405500900072040200000020613009050096000248000090490000007
1670006632.178856	500000000002900860100680500920000035050300006470200901600000740730500000000064050
1670006633.9048412	000000200000259371520000900090370020002600000005024803003000098000860130078103000
1670006635.229842	000603029020000310038029000000000005000415982405000001040570203050006000001802050
1670006636.6228426	500904000040000800007010000902378005300500008000000063006000100208045090750090280
1670006637.855843	054030007607100432003200000000000005008640000100980370305708090006000500000060700
1670006639.1388397	073000800000700040050409006005002009700900100240000508000207013300095680007800000
1670006640.2298563	000000000000000000000000000000000000000000000000000000000000000000000000000000000
1670006641.5428467	801504026009670000000009470400000000905008002003020100000047605598010700000050000
1670006642.8738406	000350001603014000014000073280103009006000002701020050952471000000002000000005920
1670006644.220841	000506240600000095204100063479050002000200074002003000000800000340000780000407006
1670006645.3388405	086427000009600050000000706962000043000250000000300000001000800740098064608000904
1670006646.649848	075904060900350200000010090207000050580170000000085370090000000020000906358692000
1670006648.0418417	000435179503000400000000300000026701010000024029170000050803210004019003030060000
1670006649.3888414	029180060500000008370002000007600031000001000003827049002406050000000006100700084
1670006650.7648501	000903520073052000005000103000418752000000080480000010010705800008009000004860035
1670006652.1068475	004109050080530906050002000000000005000845719805000004090000640000206097061097000
1670006653.401846	003000000060130200700905010070000196820000700040001032096004078000000000508060409
1670006655.2408383	000600501651247000000500000000068020270000480083720000905802010030000050024050600
1670006656.5458415	000010900830090207009070613057060000096200000000700000908040560700008400015006000
1670006657.8628528	870050000020030005000902374409600501052000000006004800030175090000000000690008050
1670006659.1398394	000900305040000026650400090000068000009342080380107050000600009890700100400010000
1670006660.50984	010900300700080020900004061072001084831000207009000000007006000000200045200053000
1670006661.677842	000050406400603010000000750049006000030940007502000000080510900600009374204000100
1670006662.9618404	008903704002000009007050080200008400004000890600400001400000602051720900900005100
1670006664.1588414	530084000000010000600250000000002150208000006700090000100020060960300410370501908
1670006665.4258394	060039000302000905190000600080704132000000590040000700920403070403000050000060300
1670006666.7358491	006000002750004006000306400800509160031000804049001007900400708000060200000008050
1670006668.0108526	620000503000310006037062000065040100070000004904603008000004000000001480148256000
1670006669.7058449	030020001600008009000304206907000030016000500800010004001005420768000000025000083
1670006671.034854	009028016002400000050670200000000020000295763920000050071306000000140630006000504
1670006672.4648423	008000060000080374029600080700903008030570406006040750000000040080020034000405000
1670006673.575841	906000001000006000073891006000070000200508604000100900500910200000087000197250800
1670006676.9142761	050000000972541000010000450103000007000207093720380000000800005037056004500790010
1670006678.2972763	014076000860000410000004906740000300302005064080003000000530090000000030539000744
1670006679.5232868	926008010058020307000500820090057000003900070000610005460000700000000080201000690
1670006680.8832757	070658002001043008800200700540000001020005300090000206000006420086000005052070000
1670006682.1772752	400060900000043680080701204000080400090007160760010030001009000309000000056000804
1670006683.3122737	700085009010000370928000001000200005000700096100496830602000000030049000000827000
1670006684.5072863	250080190600005042000407000470002005100000000500064000801250400000800900706009050
1670006685.6852736	180000400000415308000008060496000802053004006200090000001600000640000007007500610
1670006687.0762753	031000060609007001807003400750000020218040030000800000000400003070560000002000145
1670006688.4102776	920000780000002439000010500000005000040078100068030200605000300734120008200000070
1670006690.328276	000690308064800000308000610839000574400057000500000000000500100680700052005040890
1670006691.789277	063000908809037000000080032245000897000405200000000500150040380078002005006050000
1670006693.2522733	001004000609250003020000000490002170003106008200040360002008450000000700374060000
1670006694.6812747	900400000000600107087915302400002080060500700500760010005000020000009804090200003
1670006696.3882732	000017206100680000604000017008030401300000002900106350000003000000741983093008000
1670006697.6362731	000000000000000000000000000000000000000000000000000000000000000000000000000000000
1670006698.8272867	074000850050701000000085702060000200030570096001006504306010000000060000000854613
1670006700.1665292	008704003107300200302000607000000500700005160080031070006008005400050000850940000
1670006701.2405367	000000000040830250028540600070908501501063400209000008307200090000007800000090000
1670006702.70453	000000680805007000700680004609070300108009700004006091000590002586000000002004008
1670006703.8375275	000000050265000713000025060904000130000100604043407000580200041701006500009500000
1670006705.1245298	502060804040100059000040070210050000053000027000920530001406000395000146004000000
1670006706.503526	189000267000810009000000001760000010014008705300001000530000072000007590207065000
1670006708.0055299	070906035000800070056403080020008090015340000600000500000000040008700002004019350
1670006709.2225292	060400070100060020070000005001000480049001002000549310496057000000000000003204094
1670006710.5125616	050190027000807900010000600000400000000200340703901056800709030004002500020050060
1670006712.7635384	750190200010000300090000007027000509000007800001004070900378400074001000185000060
1670006714.0165281	185400063960000005304000000000080000040250830827010040490030000000000200018045000
1670006715.1585271	900000658687950000204030007000103805508046000002000070300010206000004000000000043
1670006716.597528	000500084038000200005000000514060070007080009820070564051006000000000005402053100
1670006718.0665338	000004072906200031000010500260070010501009063070000000090000150800040000300196004
1670006719.3695273	003500420007000910520007000035926001000000340000070256009000000602004008050000704
1670006721.2765276	000200096629185000000600000108060002036401900700000600407510000000024100510000408
1670006722.5845451	000653794000000006306000005040000510000102409047940000060200000030086044005407600
1670006724.2985296	087000500910060020000100380479000001002000005038009400005006078700050000090470050
1670006725.595528	890031002027000000003020509000406007000000006940700080038060000240000060001370008
1670006727.0035272	005081900081026473076000001700310000602900700300070200000100000090040508000060000
1670006728.3755288	000700103042500800097306500004000012600200040200007058000000000050940270906100000
1670006730.270539	900000658687950000204030007000103805508046000002000070300010206000004000000000043
1670006731.88753	000100000420070010060200000904000153050001900043009002700030800000010649190800300
1670006734.0995293	000190200000000100219000867040001000501009380087200001000008032860703000034000608
1670006735.442528	300027000009800050000094016040000000008369500000048600090000870840006024704080000
1670006736.9125276	600700050015204080400000000000600005000000720200007890000508479700001500090400062
1670006738.8745294	630000050000563749000000060000028074004000205902470000003106420500049006006080000
1670006740.4135287	001000060002849050050100080100000002600094010000000704820061070900000100507020940
1670006742.6445286	009800006000920040050403001000000607003107000007068900100605470000004002700010530
1670006743.921543	031000900000008057820000603006051000200000740000480196060014000105007009000009060
1670006745.4815347	400600008020700001700015009072000084030009250009080610007046000090108000200003000
1670006746.8635275	026310000000702300310000240798431000000070098000090000509023800060000900034900070
1670006749.371527	049000010031649000002030084410000070700105009028000500280000006000406002000200040
1670006750.7665286	308000000420000805561009030004706001000000460000095007000000128800500000106800073
1670006752.195546	200106300030004000090350076000000030000923168309000020060000207000407680170068000
1670006753.535529	000600001026100000890070050600203005010060020050790000079500002000037590500000064
1670006755.1975274	301060000000100205080900630690000087800000492700000006900015800108000700073020000
1670006756.6025286	005100400070089002000746000000000340501000700003005091600470003032050000900608050
1670006758.7775302	607000900800009050094280000900030060000010400051602078000000030360100700048570000
1670006760.1805272	000742139000000020702000040061039000030000406000806390004103200020008000070250063
1670006761.786528	006000850345000026800000070009000600000700009162008734013007000007900002004603000
1670006763.3935301	960038000000050020085009700000800000000500030807060540400000150000070300700916084
1670006835.2866745	000600102583010000000030008200007603608302000031008400004000800760800340010400000
1670006837.7489681	100000950500000000386159000803024000000380062021000003005036010230705009000040005
1670006839.0514846	000860007687000153000000006000003720503012000240000305310070600400006000069008032
1670006840.5654848	000003400042010080560007000000030000704590000009060030906071500000300620003206098
